ncols         83
nrows         108
xllcorner     259950.19993637
yllcorner     3071619.56669
cellsize      296.92359527466
NODATA_value  -9999
-9999 -9999 -9999 -9999 -9999 -9999 -9999 -9999 -9999 -9999 -9999 -9999 -9999 -9999 -9999 -9999 -9999 -9999 -9999 -9999 -9999 -9999 -9999 -9999 -9999 -9999 -9999 -9999 -9999 -9999 -9999 -9999 -9999 -9999 -9999 -9999 -9999 -9999 -9999 -9999 -9999 -9999 -9999 -9999 -9999 -9999 -9999 -9999 -9999 -9999 -9999 -9999 -9999 -9999 -9999 -9999 -9999 -9999 -9999 -9999 -9999 -9999 -9999 -9999 -9999 -9999 -9999 -9999 -9999 -9999 -9999 -9999 -9999 -9999 -9999 -9999 -9999 -9999 -9999 -9999 -9999 -9999 -9999 
-9999 -9999 -9999 -9999 -9999 -9999 -9999 -9999 -9999 -9999 -9999 -9999 -9999 -9999 -9999 -9999 -9999 -9999 -9999 -9999 -9999 -9999 -9999 -9999 -9999 -9999 -9999 -9999 -9999 -9999 -9999 -9999 -9999 -9999 -9999 -9999 -9999 -9999 -9999 -9999 -9999 -9999 -9999 -9999 -9999 -9999 -9999 -9999 -9999 -9999 -9999 -9999 -9999 21.22256 -9999 -9999 -9999 -9999 -9999 -9999 -9999 -9999 -9999 -9999 -9999 -9999 -9999 -9999 -9999 -9999 -9999 -9999 -9999 -9999 -9999 -9999 -9999 -9999 -9999 -9999 -9999 -9999 -9999 
-9999 -9999 -9999 -9999 -9999 -9999 -9999 -9999 -9999 -9999 -9999 -9999 -9999 -9999 -9999 -9999 -9999 -9999 -9999 -9999 -9999 -9999 -9999 -9999 -9999 -9999 -9999 -9999 -9999 -9999 -9999 -9999 -9999 -9999 -9999 -9999 -9999 -9999 -9999 -9999 -9999 -9999 -9999 -9999 -9999 -9999 -9999 -9999 -9999 -9999 -9999 -9999 -9999 24.75326 -9999 -9999 -9999 -9999 -9999 -9999 -9999 -9999 -9999 -9999 -9999 -9999 -9999 -9999 -9999 -9999 -9999 -9999 -9999 -9999 -9999 -9999 -9999 -9999 -9999 -9999 -9999 -9999 -9999 
-9999 -9999 -9999 -9999 -9999 -9999 -9999 -9999 -9999 -9999 -9999 -9999 -9999 -9999 -9999 -9999 -9999 -9999 -9999 -9999 -9999 -9999 -9999 -9999 -9999 -9999 -9999 -9999 -9999 -9999 -9999 -9999 -9999 -9999 -9999 -9999 -9999 -9999 -9999 -9999 -9999 -9999 -9999 -9999 -9999 -9999 -9999 -9999 -9999 -9999 -9999 -9999 22.95855 23.65185 -9999 -9999 -9999 -9999 -9999 -9999 -9999 -9999 -9999 -9999 -9999 -9999 -9999 -9999 -9999 -9999 -9999 -9999 -9999 -9999 -9999 -9999 -9999 -9999 -9999 -9999 -9999 -9999 -9999 
-9999 -9999 -9999 -9999 -9999 -9999 -9999 -9999 -9999 -9999 -9999 -9999 -9999 -9999 -9999 -9999 -9999 -9999 -9999 -9999 -9999 -9999 -9999 -9999 -9999 -9999 -9999 -9999 -9999 -9999 -9999 -9999 -9999 -9999 -9999 -9999 -9999 -9999 -9999 -9999 -9999 -9999 -9999 -9999 -9999 -9999 -9999 -9999 -9999 -9999 -9999 23.28643 18.49646 19.86044 21.49757 -9999 -9999 -9999 -9999 -9999 -9999 -9999 -9999 -9999 -9999 -9999 -9999 -9999 -9999 -9999 -9999 -9999 -9999 -9999 -9999 -9999 -9999 -9999 -9999 -9999 -9999 -9999 -9999 
-9999 -9999 -9999 -9999 -9999 -9999 -9999 -9999 -9999 -9999 -9999 -9999 -9999 -9999 -9999 -9999 -9999 -9999 -9999 -9999 -9999 -9999 -9999 -9999 -9999 -9999 -9999 -9999 -9999 -9999 -9999 -9999 -9999 -9999 -9999 -9999 -9999 -9999 -9999 -9999 -9999 -9999 -9999 -9999 -9999 -9999 -9999 -9999 -9999 -9999 -9999 32.98837 23.58743 21.20454 21.45502 -9999 -9999 -9999 -9999 -9999 -9999 -9999 -9999 -9999 -9999 -9999 -9999 -9999 -9999 -9999 -9999 -9999 -9999 -9999 -9999 -9999 -9999 -9999 -9999 -9999 -9999 -9999 -9999 
-9999 -9999 -9999 -9999 -9999 -9999 -9999 -9999 -9999 -9999 -9999 -9999 -9999 -9999 -9999 -9999 -9999 -9999 -9999 -9999 -9999 -9999 -9999 -9999 -9999 -9999 -9999 -9999 -9999 -9999 -9999 -9999 -9999 -9999 -9999 -9999 -9999 -9999 -9999 -9999 -9999 -9999 -9999 -9999 -9999 -9999 -9999 -9999 -9999 -9999 -9999 26.7572 20.47905 18.30363 21.48487 -9999 -9999 -9999 -9999 -9999 -9999 -9999 -9999 -9999 -9999 -9999 -9999 -9999 -9999 -9999 -9999 -9999 -9999 -9999 -9999 -9999 -9999 -9999 -9999 -9999 -9999 -9999 -9999 
-9999 -9999 -9999 -9999 -9999 -9999 -9999 -9999 -9999 -9999 -9999 -9999 -9999 -9999 -9999 -9999 -9999 -9999 -9999 -9999 -9999 -9999 -9999 -9999 -9999 -9999 -9999 -9999 -9999 -9999 -9999 -9999 -9999 -9999 -9999 -9999 -9999 -9999 -9999 -9999 -9999 -9999 -9999 -9999 -9999 -9999 -9999 -9999 -9999 -9999 -9999 24.91615 17.18705 17.66026 18.24265 -9999 -9999 -9999 -9999 -9999 24.91161 18.8074 19.88259 28.20468 27.39628 22.16748 -9999 -9999 -9999 -9999 -9999 -9999 -9999 -9999 -9999 -9999 -9999 -9999 -9999 -9999 -9999 -9999 -9999 
-9999 -9999 -9999 -9999 -9999 -9999 -9999 -9999 -9999 -9999 -9999 -9999 -9999 -9999 -9999 -9999 -9999 -9999 -9999 -9999 -9999 -9999 -9999 -9999 -9999 -9999 -9999 -9999 -9999 -9999 -9999 -9999 -9999 -9999 -9999 -9999 -9999 -9999 -9999 -9999 -9999 -9999 -9999 -9999 -9999 -9999 -9999 -9999 -9999 -9999 -9999 21.1459 17.71472 17.92017 20.49699 21.34198 16.58461 21.18349 -9999 19.9017 22.69093 25.55969 23.77144 23.71799 26.65845 25.71754 30.14821 25.52656 23.68245 -9999 -9999 -9999 -9999 -9999 -9999 -9999 -9999 -9999 -9999 -9999 -9999 -9999 -9999 
-9999 -9999 -9999 -9999 -9999 -9999 -9999 -9999 -9999 -9999 -9999 -9999 -9999 -9999 -9999 -9999 -9999 -9999 -9999 -9999 -9999 -9999 -9999 -9999 -9999 -9999 -9999 -9999 -9999 -9999 -9999 -9999 -9999 -9999 -9999 -9999 -9999 -9999 -9999 -9999 -9999 -9999 -9999 -9999 -9999 -9999 -9999 -9999 -9999 -9999 -9999 20.28269 17.29066 22.90624 16.97167 17.15632 24.98597 22.37956 19.94328 21.97986 20.76281 23.56502 23.10678 16.77053 24.40784 29.39599 25.16532 26.03393 23.40546 20.66919 14.22258 21.40886 32.43372 -9999 -9999 -9999 -9999 -9999 -9999 -9999 -9999 -9999 -9999 
-9999 -9999 -9999 -9999 -9999 -9999 -9999 -9999 -9999 -9999 -9999 -9999 -9999 -9999 -9999 -9999 -9999 -9999 -9999 -9999 -9999 -9999 -9999 -9999 -9999 -9999 -9999 -9999 -9999 -9999 -9999 -9999 -9999 -9999 -9999 -9999 -9999 -9999 -9999 -9999 -9999 -9999 -9999 -9999 -9999 -9999 -9999 -9999 -9999 -9999 -9999 -9999 22.11901 24.45574 21.2159 20.59789 22.37078 20.39541 19.30755 20.14659 29.51927 27.07184 19.26355 18.46515 26.62428 26.78722 30.55856 27.45825 20.20736 18.51961 21.84746 23.24972 17.56848 -9999 -9999 -9999 -9999 -9999 -9999 -9999 -9999 -9999 -9999 
-9999 -9999 -9999 -9999 -9999 -9999 -9999 -9999 -9999 -9999 -9999 -9999 -9999 -9999 -9999 -9999 -9999 -9999 -9999 -9999 -9999 -9999 -9999 -9999 -9999 -9999 -9999 -9999 -9999 -9999 -9999 -9999 -9999 -9999 -9999 -9999 -9999 -9999 -9999 -9999 -9999 -9999 -9999 -9999 -9999 -9999 -9999 -9999 -9999 -9999 -9999 -9999 24.53961 24.31539 27.6081 21.35701 18.10273 20.21829 21.70774 20.97976 26.05801 23.16419 18.25932 24.01444 23.98384 26.13393 30.36242 28.04362 24.59343 16.98146 26.97328 23.8919 30.65294 -9999 -9999 -9999 -9999 -9999 -9999 -9999 -9999 -9999 -9999 
-9999 -9999 -9999 -9999 -9999 -9999 -9999 -9999 -9999 -9999 -9999 -9999 -9999 -9999 -9999 -9999 -9999 -9999 -9999 -9999 -9999 -9999 -9999 -9999 -9999 -9999 -9999 -9999 -9999 -9999 -9999 -9999 -9999 -9999 -9999 -9999 -9999 -9999 -9999 -9999 -9999 -9999 -9999 -9999 -9999 -9999 -9999 -9999 -9999 -9999 -9999 -9999 21.3386 28.05649 30.39888 33.28908 23.69947 22.96245 21.60121 24.09234 20.9346 10.53319 19.75977 20.66025 25.13964 30.8221 27.70761 25.85063 22.66921 22.67515 28.97062 31.23855 33.22866 29.29032 -9999 -9999 -9999 -9999 -9999 -9999 -9999 -9999 -9999 
-9999 -9999 -9999 -9999 -9999 -9999 -9999 -9999 -9999 -9999 -9999 -9999 -9999 -9999 -9999 -9999 -9999 -9999 -9999 -9999 -9999 -9999 -9999 -9999 -9999 -9999 -9999 -9999 -9999 -9999 -9999 -9999 -9999 -9999 -9999 -9999 -9999 -9999 -9999 -9999 -9999 -9999 -9999 -9999 -9999 -9999 23.6123 -9999 -9999 -9999 -9999 23.48338 19.90689 30.09918 31.28737 35.28002 30.71661 26.32175 23.28403 26.96203 21.54505 14.34388 14.41487 19.01466 31.11919 28.73216 26.28413 30.97817 28.90837 23.74996 28.68248 28.90378 36.81408 32.91823 29.28845 -9999 -9999 -9999 -9999 -9999 -9999 -9999 -9999 
-9999 -9999 -9999 -9999 -9999 -9999 -9999 -9999 -9999 -9999 -9999 -9999 -9999 -9999 -9999 -9999 -9999 -9999 -9999 -9999 -9999 -9999 -9999 -9999 -9999 -9999 -9999 -9999 -9999 -9999 -9999 -9999 -9999 -9999 -9999 -9999 -9999 -9999 -9999 -9999 -9999 -9999 -9999 11.66426 11.97857 28.18142 25.43495 21.57033 16.81997 21.17185 -9999 -9999 16.96852 36.06085 31.50533 38.73455 39.4946 32.99673 24.57147 31.27122 23.01392 11.99371 19.95823 30.40211 30.29452 23.13348 24.7091 30.69388 28.55193 33.82136 29.79517 36.58824 37.52369 26.08309 35.617 32.17253 -9999 -9999 -9999 -9999 -9999 -9999 -9999 
-9999 -9999 -9999 -9999 -9999 -9999 -9999 -9999 -9999 -9999 -9999 -9999 -9999 -9999 -9999 -9999 -9999 -9999 -9999 -9999 -9999 -9999 -9999 -9999 -9999 -9999 -9999 -9999 -9999 -9999 -9999 -9999 -9999 -9999 -9999 -9999 -9999 -9999 -9999 -9999 -9999 -9999 -9999 24.28935 30.42499 28.34018 23.04857 24.69769 25.3946 20.99102 23.23491 17.15638 28.38356 31.2852 35.10973 32.97911 31.24149 48.31491 26.06379 24.93139 24.36132 14.54496 26.23001 22.31626 22.24684 23.77484 26.8087 25.5968 28.19818 24.29091 26.99061 30.37308 24.83827 28.33274 25.67956 30.67052 -9999 -9999 -9999 -9999 -9999 -9999 -9999 
-9999 -9999 -9999 -9999 -9999 -9999 -9999 -9999 -9999 -9999 -9999 -9999 -9999 -9999 -9999 -9999 -9999 -9999 -9999 -9999 -9999 -9999 -9999 -9999 -9999 -9999 -9999 -9999 -9999 -9999 -9999 -9999 -9999 -9999 -9999 -9999 -9999 -9999 -9999 -9999 -9999 -9999 22.79282 24.90798 28.38549 22.82814 28.12585 26.1874 26.45171 21.38789 24.81865 16.6978 30.30655 28.96745 36.19115 33.38642 27.48384 37.64465 41.67195 36.49546 28.88879 15.43121 26.13482 21.95189 20.36557 25.77615 28.89836 26.69031 26.05688 21.24608 24.20631 34.67035 29.5635 27.07836 32.15763 -9999 -9999 -9999 -9999 -9999 -9999 -9999 -9999 
-9999 -9999 -9999 -9999 -9999 -9999 -9999 -9999 -9999 -9999 -9999 -9999 -9999 -9999 -9999 -9999 -9999 -9999 -9999 -9999 -9999 -9999 -9999 -9999 -9999 -9999 -9999 -9999 -9999 -9999 -9999 -9999 -9999 -9999 -9999 -9999 -9999 -9999 -9999 -9999 -9999 -9999 29.31604 31.58215 31.8839 26.13948 20.97326 26.86465 26.50792 23.09361 26.71852 22.4952 25.01724 27.04159 32.43133 35.12792 28.66836 39.67353 35.84494 34.84529 32.21762 29.09851 25.49293 21.09389 20.3327 25.84235 26.77481 28.37998 21.39601 22.54537 28.33382 21.93497 19.26367 25.96683 30.43934 24.76689 -9999 -9999 -9999 -9999 -9999 -9999 -9999 
-9999 -9999 -9999 -9999 -9999 -9999 -9999 -9999 -9999 -9999 -9999 -9999 -9999 -9999 -9999 -9999 -9999 -9999 -9999 -9999 -9999 -9999 -9999 -9999 -9999 -9999 -9999 -9999 -9999 -9999 -9999 23.72046 23.97173 25.07447 -9999 -9999 -9999 -9999 -9999 -9999 -9999 30.04732 33.09796 21.87142 33.69933 37.3219 34.96858 31.32931 24.8561 29.46557 27.07039 24.46819 22.53925 19.72867 34.057 34.71887 30.44203 35.32829 39.02465 27.82424 35.60508 32.9347 21.92156 18.14495 21.51445 25.54943 27.54458 24.90366 23.88165 29.62066 22.47989 27.6724 22.38131 20.42372 28.21786 25.57953 -9999 -9999 -9999 -9999 -9999 -9999 -9999 
-9999 -9999 -9999 -9999 -9999 -9999 -9999 -9999 -9999 -9999 -9999 -9999 -9999 -9999 -9999 -9999 -9999 -9999 -9999 -9999 -9999 -9999 -9999 -9999 -9999 -9999 -9999 -9999 -9999 -9999 18.80992 24.27257 24.69742 24.99664 20.52467 21.35831 19.70764 29.14137 20.20919 21.59609 30.10579 24.02411 33.95353 27.69049 33.42608 31.72557 30.10887 31.71985 32.79337 30.11428 23.33727 20.61725 21.50654 19.23239 34.49694 32.30819 30.22144 37.12046 37.6664 32.58873 26.67335 28.84195 20.37397 22.17484 25.65798 27.01816 24.1659 23.8191 28.32146 28.49511 21.80694 21.20718 24.60129 31.84775 29.92157 26.79669 -9999 -9999 -9999 -9999 -9999 -9999 -9999 
-9999 -9999 -9999 -9999 -9999 -9999 -9999 -9999 -9999 -9999 -9999 -9999 -9999 -9999 -9999 -9999 -9999 -9999 -9999 -9999 -9999 -9999 -9999 -9999 -9999 -9999 -9999 -9999 -9999 20.37908 18.63605 25.80447 21.32435 26.67832 17.92784 18.00207 19.16001 24.45759 19.2494 23.53778 25.16079 25.35504 37.98043 23.54238 34.46401 34.01829 29.10246 34.54268 29.33414 29.91233 26.79762 18.24897 22.39037 33.07761 31.25034 30.86579 25.3272 40.33652 29.80499 33.29294 35.77176 33.75433 27.62956 25.47242 23.18794 23.47682 27.15636 29.27302 30.3522 29.65291 21.96767 21.65123 33.01367 30.59165 33.67603 25.39666 27.88627 27.08327 -9999 -9999 -9999 -9999 -9999 
-9999 -9999 -9999 -9999 -9999 -9999 -9999 -9999 -9999 -9999 -9999 -9999 -9999 -9999 -9999 -9999 -9999 -9999 -9999 -9999 -9999 -9999 -9999 -9999 -9999 -9999 -9999 -9999 21.64096 18.81874 20.82431 21.51727 21.32657 27.69446 21.43817 19.408 16.62216 20.19066 17.87074 20.76218 20.69767 28.13279 32.60948 26.77299 26.46725 27.39935 23.22232 37.22369 31.66535 29.59183 29.88448 17.57795 20.47355 37.08208 31.8965 30.8874 27.17021 33.75161 26.23341 31.29126 34.83617 25.36725 31.95556 24.26159 21.23775 22.54327 21.16339 27.22968 29.38004 28.57131 25.63327 30.11929 30.43596 28.31073 26.01617 30.208 32.62811 31.2105 -9999 -9999 -9999 -9999 -9999 
-9999 -9999 -9999 -9999 -9999 -9999 -9999 -9999 -9999 -9999 -9999 -9999 -9999 -9999 -9999 -9999 -9999 -9999 -9999 -9999 -9999 23.42069 -9999 -9999 -9999 20.7018 14.94176 20.37893 18.17619 20.3422 20.50782 20.55407 24.6589 21.83381 23.47701 21.12584 20.98235 22.19615 23.08157 26.44477 37.35141 36.39074 31.4801 35.19645 32.52442 28.31004 29.63921 31.30845 36.0298 27.95327 28.80331 18.20986 26.65297 31.60608 31.31613 30.79666 26.6645 36.29816 30.7279 27.48696 30.93772 32.19649 14.89201 15.17265 22.57542 24.10336 22.54933 22.12871 22.74068 30.13203 25.71032 30.08707 29.11314 30.37411 20.7168 31.27822 29.69157 -9999 -9999 -9999 -9999 -9999 -9999 
-9999 -9999 -9999 -9999 -9999 -9999 -9999 -9999 -9999 -9999 -9999 -9999 -9999 -9999 -9999 -9999 -9999 -9999 -9999 -9999 25.70457 21.21403 20.07108 19.49897 -9999 17.95321 19.51056 17.99317 16.04437 24.38713 23.21166 19.45868 27.32571 18.85711 22.87632 20.62928 22.11642 23.14561 28.48056 39.10603 35.66704 26.3131 28.22442 28.62475 32.24578 37.1329 27.69859 32.06003 26.26545 31.57578 34.29361 24.68867 28.84804 32.87326 31.94904 30.13063 28.3672 29.77181 36.42216 29.39529 26.29838 24.10132 12.22091 15.69576 25.55867 33.42326 30.54501 27.93312 24.53079 30.26668 27.93252 26.927 23.32751 15.49754 34.11147 29.43595 -9999 -9999 -9999 -9999 -9999 -9999 -9999 
-9999 -9999 -9999 -9999 -9999 -9999 -9999 -9999 -9999 -9999 -9999 -9999 -9999 -9999 -9999 -9999 -9999 -9999 -9999 32.15617 26.27148 25.38182 27.48624 23.12212 22.21507 20.23041 21.51924 11.76798 17.69178 16.95131 22.5336 19.72572 25.90163 28.53015 22.97621 16.43315 24.48125 25.77755 40.91734 33.53644 27.99068 32.47909 26.84787 34.26771 30.06952 35.97968 29.45013 30.96169 37.41292 34.85877 31.8704 29.58626 25.13737 33.38867 29.88945 33.76268 26.87773 33.98787 28.30888 32.69213 30.79014 23.74542 10.63218 16.77784 24.70842 26.90774 31.81964 30.24973 23.72946 24.45951 29.74615 29.62774 31.65806 26.39034 28.92721 25.90364 -9999 -9999 -9999 -9999 -9999 -9999 -9999 
-9999 -9999 -9999 -9999 -9999 -9999 -9999 -9999 -9999 -9999 -9999 -9999 -9999 -9999 -9999 -9999 -9999 -9999 28.86971 28.97984 24.41679 23.23678 23.46851 23.42033 25.59434 22.0164 17.60372 21.05348 21.06468 21.5319 25.3639 22.48717 21.48746 34.04984 23.44455 16.65077 25.63331 43.36549 36.20852 33.57614 32.20207 34.60902 37.01936 33.48843 28.62703 32.08931 38.44542 31.39616 32.47832 34.35373 36.29127 34.16892 25.77307 31.24084 32.5695 33.12442 24.45258 32.78235 35.06075 37.09395 29.61601 24.23661 15.79288 21.85388 27.52483 30.74457 33.4593 32.66895 25.81919 24.23067 28.51528 30.46931 28.82428 22.36288 27.55735 22.70776 -9999 -9999 -9999 -9999 -9999 -9999 -9999 
-9999 -9999 -9999 -9999 -9999 -9999 -9999 -9999 -9999 -9999 -9999 -9999 -9999 -9999 -9999 -9999 -9999 -9999 29.77676 27.65024 22.11297 25.02617 20.9429 24.43261 22.07784 19.26416 26.34595 24.99715 19.51509 21.1786 22.03502 21.68972 17.86108 30.11043 26.41912 20.83463 27.18552 36.21211 31.01114 23.76684 29.75762 35.34365 27.68212 38.44575 36.29535 32.10927 35.05092 28.90941 33.12057 37.35136 31.8123 35.21891 27.58952 35.35628 29.81931 29.6545 29.70137 31.19889 38.75657 30.72991 31.88738 19.95026 20.23597 22.09256 23.4686 29.41237 35.64973 30.72755 24.4942 25.56794 24.01724 30.01492 16.00144 30.7437 28.2073 -9999 -9999 -9999 -9999 -9999 -9999 -9999 -9999 
-9999 -9999 -9999 -9999 -9999 -9999 -9999 -9999 -9999 -9999 -9999 -9999 -9999 -9999 -9999 -9999 -9999 27.80722 27.89285 24.945 22.42606 19.03909 22.59615 14.07943 18.22328 22.76977 25.24657 19.90617 23.06926 23.15857 21.01614 25.49926 23.23176 29.22829 27.6767 26.40122 29.68742 37.30145 31.13727 33.01363 34.01878 28.14205 34.8884 40.06458 35.32588 30.20519 25.01916 28.47675 32.90134 32.41011 34.09865 30.31406 33.03025 34.2392 32.89818 29.35227 32.83762 35.79775 34.20741 35.4311 32.54774 19.94329 25.77475 23.20073 23.17675 27.62499 31.40736 29.43087 27.19621 23.5123 23.83537 27.62763 18.10571 20.5836 32.56395 -9999 -9999 -9999 -9999 -9999 -9999 -9999 -9999 
-9999 -9999 -9999 -9999 -9999 -9999 -9999 -9999 -9999 -9999 -9999 -9999 -9999 -9999 -9999 28.9723 29.31674 28.1884 23.82906 26.2937 26.73036 18.3271 19.00735 19.63487 21.61163 19.88251 17.30559 20.64795 20.31592 17.70213 22.56757 25.39677 22.40039 30.03639 29.2177 24.54136 29.76424 36.36106 28.11376 37.57263 35.17364 30.70661 33.01259 35.4226 31.42082 30.9611 26.33968 25.71784 27.74869 26.5593 27.09425 26.54689 35.42051 33.72807 28.63383 28.77177 33.35314 32.60734 36.87596 33.17216 30.71107 23.02622 22.39251 23.18802 26.48138 32.27845 29.24274 23.63122 31.26666 33.77605 36.26765 28.94296 34.05228 31.39602 21.64998 21.49209 -9999 -9999 -9999 -9999 -9999 -9999 -9999 
-9999 -9999 -9999 -9999 -9999 -9999 -9999 -9999 -9999 -9999 -9999 -9999 -9999 30.36018 30.91369 27.08211 27.88473 23.34833 20.91093 24.12221 23.6125 19.75273 16.51123 23.98598 19.75144 15.5914 13.76485 15.91375 21.48007 22.91509 16.67262 20.45831 22.36151 25.3411 30.02403 19.51074 33.44056 32.05104 33.69354 36.14637 37.01752 30.49365 24.82514 28.46214 25.13436 15.31141 18.17955 31.11454 25.74062 22.56095 22.58253 31.84875 33.88861 33.29052 28.92071 29.83019 30.57175 30.83669 32.91343 35.4455 34.62108 21.23857 19.48684 24.13257 29.95369 22.42288 25.912 33.06153 31.55181 32.26079 30.78893 31.74833 31.3743 29.97227 22.78427 11.29564 -9999 -9999 -9999 -9999 -9999 -9999 -9999 
-9999 -9999 -9999 -9999 -9999 -9999 -9999 -9999 -9999 -9999 -9999 -9999 -9999 33.12727 28.39419 20.63881 21.09208 21.70501 28.20935 25.15634 29.32474 19.30455 21.61849 24.80936 16.99949 19.37914 19.24401 18.70145 22.72754 16.68914 20.21021 21.4398 21.71662 22.82747 27.84253 16.96797 23.09053 33.99481 38.24087 32.8435 37.85061 35.96307 25.00985 20.14314 28.00725 23.4375 19.6043 19.86203 26.47534 21.19554 28.61131 31.84247 28.65511 30.21956 33.64698 36.32471 33.61485 31.21514 30.22481 31.38874 22.43511 18.68599 22.52197 28.33186 33.16804 27.58701 26.81114 32.42869 36.79062 29.30308 26.89103 29.09066 32.35474 29.64911 24.53829 14.06688 23.44765 -9999 -9999 -9999 -9999 -9999 -9999 
-9999 -9999 -9999 -9999 -9999 -9999 -9999 -9999 -9999 -9999 -9999 -9999 -9999 21.91779 24.45021 24.73478 24.54782 22.35851 24.47096 22.56642 22.91798 24.90141 23.84192 19.95628 20.9537 20.03276 17.95059 19.22615 23.98396 18.93661 19.30267 23.53539 30.60688 33.39792 25.04325 16.43744 22.67645 23.01469 37.85258 35.98431 40.18238 24.83194 17.64521 12.92859 16.34271 29.6228 22.96594 19.21144 25.84291 30.33353 30.24735 30.79349 28.73287 30.8866 35.17647 34.10285 33.48585 31.88844 28.30933 24.53879 19.43716 15.35017 19.2697 28.9737 28.24044 31.19878 28.15315 32.05155 28.68568 27.98061 29.98294 28.27912 27.35005 26.92174 34.19308 24.08582 19.88647 -9999 -9999 -9999 -9999 -9999 -9999 
-9999 -9999 -9999 -9999 -9999 -9999 30.67905 -9999 27.88348 25.13111 28.79611 -9999 24.36955 17.83696 24.37699 23.67277 24.388 18.14975 20.51996 21.38345 23.66293 29.95531 27.35719 24.08898 27.10999 22.17775 19.92305 27.64372 27.6169 28.45851 31.69052 29.01034 24.72841 24.76251 21.99597 20.13902 23.24047 20.9182 28.35211 32.79048 28.07024 28.04744 21.96908 24.6065 25.3012 19.72817 25.82757 24.55714 24.83561 29.92926 25.09936 31.75946 31.76619 31.25872 30.98703 29.54248 30.86813 29.43055 24.02533 20.32631 25.35765 28.03705 28.18582 27.04285 25.67161 26.43698 33.37626 29.85092 32.73306 28.73687 31.13165 27.26693 21.56003 19.7808 26.84402 28.80823 19.82983 21.48423 -9999 -9999 -9999 -9999 -9999 
-9999 -9999 -9999 -9999 -9999 28.24104 23.99062 32.14024 25.55519 25.4871 29.89024 24.17207 21.53407 20.68475 26.01618 19.38429 24.39228 21.90107 15.11975 26.08006 24.52138 28.23105 27.12087 27.83962 36.89605 44.90353 49.89802 39.51809 34.29823 36.28724 25.8953 27.68914 26.25611 25.87936 25.49237 20.9821 26.7824 22.99586 22.41367 29.92092 32.80299 26.65615 23.92183 23.92972 27.15178 19.68631 27.28956 27.22364 31.76093 29.14472 34.54934 35.91781 33.79272 34.88333 31.17448 29.68083 26.46427 14.54886 19.64863 26.5799 32.01859 25.77334 31.93073 32.18483 23.50526 28.75509 28.22185 30.35581 30.80871 20.52358 19.64448 26.84689 31.00808 24.85282 28.18671 25.09895 20.50841 28.62154 -9999 -9999 -9999 -9999 -9999 
-9999 -9999 -9999 -9999 -9999 29.15365 22.07486 28.59259 22.47118 25.24577 24.59104 24.65195 27.14862 35.5746 23.7707 23.47221 13.48537 17.64199 23.42493 28.74216 22.44915 22.2618 25.9979 24.64741 15.25609 28.16509 23.67015 24.6701 25.48375 18.09927 24.06621 29.14044 28.80776 31.36459 22.43443 16.97238 22.68193 19.65634 25.24855 26.16126 27.91445 22.32338 26.50983 23.28415 21.91034 31.75053 31.38043 28.01719 32.22628 28.43424 30.89678 29.1275 29.96909 30.26904 27.41407 31.32483 15.80665 20.11693 22.82091 23.87811 28.86017 29.71831 32.85744 28.03747 28.26281 33.93338 32.13566 31.57948 33.93355 25.97637 26.04697 23.89673 26.01486 29.3208 21.66017 21.43028 24.84036 19.68819 -9999 -9999 -9999 -9999 -9999 
-9999 -9999 -9999 -9999 32.52012 31.635 32.51179 28.58157 20.57626 23.70757 22.0508 24.66189 27.95924 38.79554 28.22844 19.09365 18.05546 18.18354 26.37693 26.94067 27.79152 25.32564 27.58261 26.2862 28.16394 22.90222 17.57388 20.91029 22.66492 24.96344 24.75131 27.91138 27.84694 27.97337 26.73081 22.17627 20.99522 20.23871 26.66009 31.31891 27.06835 25.52451 26.94185 25.90244 28.40421 34.91108 31.1007 35.30974 28.27134 28.93339 35.35417 25.09464 29.84134 34.91637 36.03594 24.51445 19.72529 25.19569 24.90121 22.76234 29.87873 30.93202 34.51745 31.68422 30.4366 30.52649 31.40617 35.87843 29.55459 30.21986 33.17255 28.47897 27.00484 25.70796 26.99527 17.80658 22.70008 19.44418 -9999 -9999 -9999 -9999 -9999 
-9999 -9999 -9999 -9999 39.17741 27.69008 18.61719 22.5925 30.04215 20.43547 15.86206 26.72031 26.85298 31.5788 34.97821 23.63507 15.55264 19.65921 25.74364 29.27697 24.41837 25.36292 24.58977 25.07697 22.61682 23.34659 20.11181 17.2195 21.16958 21.00658 17.93161 27.54109 29.38452 25.30217 25.20329 27.18213 28.63179 23.63455 26.0955 24.61386 27.91763 22.77 27.8977 23.88538 25.88182 31.4212 30.18535 32.60824 31.82914 37.51431 25.59268 27.46706 32.22125 35.73429 22.51676 19.23067 24.06017 28.52407 32.77845 30.01552 31.03838 33.5603 32.8843 32.78272 28.64635 30.06902 27.32365 32.67747 31.19337 33.33403 33.34243 30.60114 34.63818 28.43151 15.43931 26.34067 24.88408 -9999 -9999 -9999 -9999 -9999 -9999 
-9999 -9999 -9999 32.42897 36.42428 23.11848 19.19241 20.65019 31.1754 30.57613 26.54301 27.73069 30.09021 30.13971 27.02318 15.20842 26.5863 18.35395 23.26472 27.44411 28.3529 26.71843 25.23599 19.90105 20.98613 21.82786 17.3665 18.23655 20.58596 21.22593 18.18427 24.60461 26.00734 23.89815 19.24651 27.3021 22.67993 16.31025 24.57556 25.40625 27.92532 21.03195 29.72374 29.62171 26.70501 32.3337 26.97243 30.0842 28.82737 30.66977 31.28642 27.91567 34.88649 29.68736 16.27934 25.32302 28.09585 30.89921 32.82763 27.89594 28.01983 33.4158 35.26685 32.18158 31.38569 25.55692 20.68573 27.80249 33.49998 37.80519 29.39263 24.67954 23.79518 31.28566 27.25885 22.52513 29.47788 25.66892 -9999 -9999 -9999 -9999 -9999 
-9999 -9999 -9999 27.18708 28.48869 23.20431 25.42015 21.98038 32.97283 23.85861 28.00408 28.45516 37.39338 27.66317 21.41925 17.00955 26.06264 16.55502 19.77531 18.94447 20.10026 26.59187 26.34035 23.92745 22.51362 19.74335 20.3978 22.82368 24.22395 22.36616 20.72802 22.77691 30.40979 25.26163 29.58525 24.86466 26.26803 20.58552 20.16266 26.3632 25.57208 33.8187 28.55142 29.52414 26.75131 32.82579 29.8692 27.02452 24.62259 33.1247 29.26408 30.42507 28.38698 29.39987 25.78067 18.77819 24.19099 32.51691 27.52205 28.78661 35.92231 37.13083 34.89415 31.5246 26.4776 27.86447 22.00661 26.70918 34.14092 38.99318 27.65882 31.11207 24.55463 29.40842 25.33161 19.62626 17.20697 23.98624 -9999 -9999 -9999 -9999 -9999 
-9999 -9999 -9999 14.47224 34.08092 20.3898 25.30589 24.06038 33.52145 26.8784 29.67428 38.61033 34.88529 31.13356 18.24312 18.9537 27.23651 27.32263 21.34194 20.05861 18.51554 18.08628 26.63894 24.36701 30.71437 25.35836 22.80542 20.37582 20.98302 19.3251 25.74873 21.74674 28.54406 32.35113 33.15128 29.76585 28.45157 31.32238 24.98739 23.9585 26.80019 31.89087 27.76177 27.85184 31.39544 26.41178 37.62474 38.47628 41.33994 31.63869 31.40302 33.91962 28.33599 29.05404 24.91377 24.15545 20.86205 25.83663 24.94273 26.30536 28.94734 29.97424 33.60748 31.94514 21.21077 23.22427 31.6284 19.38498 33.65944 41.52848 30.37464 26.18455 25.88648 24.45342 27.0615 14.9561 15.44684 16.92975 -9999 -9999 -9999 -9999 -9999 
-9999 -9999 -9999 20.31542 30.18517 32.85568 36.70222 31.15147 30.96332 30.93918 30.4067 36.98731 26.34023 22.9282 21.0538 26.42739 35.03178 36.85339 33.94902 30.36551 21.9875 19.16019 21.87519 19.57463 25.50173 19.80418 18.9554 21.69045 20.74981 27.32572 32.18257 34.28053 36.67983 35.91953 35.16558 31.52766 35.90233 36.42106 35.2993 35.52522 21.76956 30.16973 33.84941 26.80177 27.18406 27.43071 36.67968 30.49483 33.0611 35.78309 32.40859 24.16 24.09823 21.93971 28.73709 29.68744 20.99896 19.78801 23.05898 27.47877 31.60116 30.68447 30.05277 23.52868 32.53076 29.38006 30.32016 25.81367 24.57422 32.24586 31.63755 27.57625 30.23577 29.52475 20.30032 18.52386 16.14763 -9999 -9999 -9999 -9999 -9999 -9999 
-9999 -9999 -9999 19.52157 29.14007 28.95272 27.77299 17.91296 21.89192 26.21458 28.9782 32.48845 24.83951 23.76083 23.79083 29.10739 25.1227 37.03385 28.22513 35.30324 35.48742 37.25327 30.80083 27.29271 37.21856 36.37897 31.45402 33.50412 38.46412 41.6326 38.1174 39.89941 33.38095 37.12068 40.00594 39.25431 34.56929 38.49276 40.74034 35.27638 34.25801 28.91821 30.76432 30.88644 29.2897 31.41139 26.86498 36.73312 33.13699 31.95511 26.3344 24.19102 20.986 24.86868 31.47173 28.52431 30.73192 20.19046 22.5001 30.86311 30.23366 29.26928 23.08664 27.1979 25.19741 28.57922 32.29497 30.46729 29.3951 26.83677 32.91568 28.95565 22.92086 27.17328 18.62117 19.93203 21.31354 30.7546 -9999 -9999 -9999 -9999 -9999 
-9999 -9999 -9999 16.23507 27.10911 27.67153 28.31682 22.81319 28.12746 25.78414 34.98289 29.1957 25.90419 28.19091 25.27349 28.32731 30.77716 25.5817 25.60718 33.55421 34.8996 32.81388 37.16084 46.67024 42.05972 37.21685 40.76811 38.77463 39.19376 36.71642 40.28854 40.0551 33.25698 33.66743 37.06443 35.7368 39.1077 36.67773 39.11716 33.26839 37.50131 36.79274 27.28605 32.04431 35.22225 25.26253 30.35366 24.88314 27.58291 23.35529 29.7815 28.37524 24.73322 27.35991 25.09853 29.86927 30.16837 28.33085 25.58607 28.46311 30.33204 27.53749 29.7668 29.62139 31.36893 28.92506 29.73088 30.19284 27.46095 28.93588 30.23929 29.28657 26.32819 26.17718 22.54046 29.12878 25.64347 20.48565 26.89895 -9999 -9999 -9999 -9999 
-9999 -9999 16.9489 23.75238 28.82156 29.64334 26.41327 23.61313 28.61652 31.09461 25.21267 26.74953 27.20499 30.37558 19.33945 24.48574 22.55973 18.8032 17.59488 25.43287 34.05992 30.25659 32.00646 31.00557 29.80318 30.33532 27.09298 35.68057 33.38517 35.03735 37.95467 30.72892 32.57832 37.30493 39.35867 37.83576 37.28006 39.05437 32.69662 38.65032 38.29849 33.07206 20.07636 20.28878 35.09647 34.46144 32.43915 30.26822 31.36656 20.89842 21.71368 24.78366 27.44335 24.60222 29.16425 36.25967 34.07183 30.495 38.97763 31.04793 28.56542 35.33669 35.80133 32.58565 34.10048 35.52261 34.78986 31.7428 32.96518 36.28947 39.30237 36.56657 34.26584 35.19312 32.77555 20.7566 21.9342 9.558175 27.02207 -9999 -9999 -9999 -9999 
-9999 -9999 21.99961 28.3209 27.8647 24.58311 31.391 30.07548 21.67863 26.38698 26.45247 32.73533 34.68813 27.77864 31.36199 23.30347 23.89542 19.17967 13.51738 18.21347 23.71299 35.43509 27.64182 27.69462 20.03559 27.23936 25.19518 23.4198 25.82956 31.99108 40.53369 41.08308 29.85219 37.7937 38.49648 35.89711 31.98671 29.63937 35.32877 35.26012 41.78355 31.88906 23.93986 17.86952 31.96106 29.0933 29.73635 30.11924 31.88087 21.46459 23.35752 23.03402 22.05764 24.87555 27.20505 39.32934 35.31118 36.13447 34.22424 33.98415 30.01411 29.83435 32.79502 23.41034 25.81944 29.76804 32.85091 35.78933 34.64157 33.33823 35.84408 32.2112 34.84041 32.78989 30.20699 22.09851 29.33676 27.69335 28.14731 -9999 -9999 -9999 -9999 
-9999 22.16849 27.18227 27.44527 22.81459 27.10106 27.2331 34.78514 31.46733 23.29803 16.524 16.08075 16.99831 20.7111 29.29945 23.15829 23.90542 17.23542 15.50463 14.45815 18.12103 30.01314 30.69517 20.02637 19.32494 15.04281 23.00653 32.12609 31.75683 35.80093 34.80973 39.36908 40.62966 36.18003 35.60051 34.00953 37.41471 32.99519 29.62083 32.04615 35.62469 33.53699 36.7905 23.40394 34.90743 31.11995 26.10981 26.53194 31.58074 26.97771 17.03686 16.93341 18.96903 28.36741 32.51302 31.03611 36.51299 37.81528 31.08223 32.6997 34.99112 41.2726 37.59236 29.82535 31.6519 24.91729 32.95825 27.34219 29.75489 31.23231 29.30733 33.13001 39.59374 30.87743 30.537 31.60006 22.6837 19.84843 22.89689 16.52384 -9999 -9999 -9999 
-9999 29.82851 28.97094 34.23789 31.02827 25.50086 28.42849 28.19637 19.09804 21.50416 13.32328 16.65181 19.76781 17.55843 19.838 24.0606 19.24931 17.78931 18.64422 19.3094 19.59889 21.69162 32.62331 25.76969 21.28023 18.15403 20.16189 28.41982 32.2627 34.00272 29.75243 30.92885 34.7643 41.57292 37.60568 33.14511 23.46081 27.66097 38.65519 34.4246 30.55495 29.63746 32.09578 37.12976 37.32125 31.49907 24.59831 33.22702 30.45454 34.22719 24.70903 20.02448 17.45669 25.62413 27.95151 29.90412 32.98245 41.52987 36.55991 32.40193 32.72849 35.13239 36.41808 31.20915 36.62121 43.88156 38.69857 35.33917 35.51751 38.77137 37.34227 32.65402 35.63842 31.96622 29.52395 18.69349 21.2754 21.09854 29.43671 29.58748 31.72284 25.55203 -9999 
-9999 27.37288 27.15311 27.32949 22.29316 24.98884 17.85054 18.03573 15.79212 26.07404 17.00141 16.07664 16.56018 17.56689 23.85539 21.28518 19.00163 24.11368 19.62171 18.88471 22.17838 16.50131 24.64128 25.05602 25.76493 17.92804 21.47783 25.55999 21.62735 25.64105 27.33232 29.77675 32.38579 27.35118 20.76931 31.49118 28.06266 32.42275 33.15022 36.94684 33.74502 33.40282 32.17641 30.75855 35.00806 29.37883 25.90507 28.91048 32.67548 31.34495 33.48602 21.24543 14.56657 22.78649 27.01141 26.33407 31.30328 33.8763 33.54617 35.48421 33.06374 25.44347 37.35037 28.86517 29.69692 34.79299 40.12655 39.71122 29.78929 31.49987 30.73821 27.22563 30.81394 25.40263 31.92495 27.93913 24.76277 28.46469 28.8513 32.92215 23.48689 20.99735 23.11458 
-9999 -9999 18.83736 21.2112 20.2629 25.15568 19.2919 26.58428 23.78802 25.37874 20.06288 24.41186 18.46677 17.64756 19.89265 24.88759 24.38333 20.48728 17.41541 17.00282 18.72708 18.13515 20.34636 22.32355 21.38293 23.97503 21.43956 21.31062 19.87336 23.77979 23.37181 26.34254 30.36981 35.9479 34.56159 31.47677 34.16514 35.4217 38.57452 32.90546 32.25151 32.18501 34.48109 25.93199 28.69659 23.3573 24.3771 27.00107 38.47952 33.79173 38.25927 32.65735 19.25761 24.87177 29.85673 28.26412 31.45836 26.93638 31.62974 36.73817 33.58842 33.64864 35.10073 33.43065 25.18595 27.61477 31.86173 37.26215 36.78013 31.1811 32.5185 30.8302 29.90325 26.52682 27.84409 29.34721 23.32515 23.45642 27.37948 19.57106 27.62864 31.06843 31.17175 
-9999 -9999 20.80157 29.1503 17.77057 26.94382 23.9948 21.2253 28.22309 29.16267 22.54423 15.70994 19.07398 21.73656 17.16764 19.58731 20.98357 23.52756 18.87782 17.81852 20.41739 17.81899 15.23294 26.26087 23.9169 35.76418 20.14592 22.37559 24.3815 29.4235 24.10251 27.89655 28.74103 34.14186 36.1276 37.82854 37.40641 28.47457 28.72457 34.4473 37.03156 31.33227 30.61723 32.73702 32.27982 23.19224 19.53794 25.62966 38.05485 33.57034 36.76596 40.46573 30.51396 24.24525 25.33537 24.32973 27.69912 32.91922 31.35938 38.56021 26.10027 34.27449 36.73182 34.17824 32.05588 26.44692 31.37799 35.21914 38.23899 29.14611 35.53745 30.70099 29.00556 22.65447 25.88091 24.28955 24.17726 31.96548 31.11247 21.43406 26.03253 -9999 -9999 
-9999 -9999 21.3275 28.90561 25.83546 28.2242 30.07331 18.15644 33.18975 24.73882 18.66077 18.38724 16.52433 17.91805 19.13544 20.80272 21.84984 22.15543 23.69852 20.33457 18.75745 18.05366 14.64252 14.20167 25.72655 38.90749 33.84409 28.18842 30.01104 31.63687 32.83095 31.36018 32.952 32.35303 35.94685 34.29282 27.67109 27.99795 32.53618 33.91697 32.28347 29.85804 24.2872 27.95638 27.58671 21.45182 21.96321 32.398 36.89201 38.4327 38.00095 35.29846 39.09182 34.05088 23.7655 23.3726 23.51583 34.25867 24.90383 35.66055 30.46722 25.88453 29.82797 32.5198 31.21062 26.03505 30.51421 34.83135 35.68427 34.94469 29.19646 30.77472 28.07371 27.68192 24.5723 30.43033 31.87984 33.49506 22.02009 20.01277 -9999 -9999 -9999 
-9999 -9999 20.36598 22.60118 26.5778 22.4066 17.88006 20.27676 26.841 28.37233 25.67135 18.7263 17.84799 13.15081 17.78317 19.56046 19.15281 21.32669 15.75749 18.81818 20.53496 20.20188 20.57998 19.35485 41.7645 34.82977 23.69511 22.96637 29.05809 34.66422 39.16236 32.8261 37.28834 33.85452 34.32775 39.16639 38.36054 29.97112 34.57263 33.4241 31.58184 17.14681 15.73716 18.64598 29.10029 30.31984 26.474 30.12622 37.95307 37.02034 31.67219 27.65244 32.27293 35.12826 41.58931 30.61289 29.23303 31.9414 22.79792 37.12289 26.88086 25.48758 28.87576 29.14852 28.03292 21.69684 29.26122 31.87799 30.20126 34.88997 38.65762 26.54465 26.72564 23.74267 28.8322 30.82909 32.09322 20.14785 23.37793 -9999 -9999 -9999 -9999 
-9999 -9999 16.95902 13.36258 17.42648 19.31239 -9999 16.08251 29.05502 29.58896 28.44748 15.9904 24.0274 14.51749 18.76353 17.60734 19.94616 13.23152 14.07125 16.49613 19.40545 20.31783 25.27655 44.04706 33.49213 26.02805 20.49216 27.68741 39.61999 38.30243 37.6368 39.23285 34.66591 35.14129 35.12213 37.13492 27.15315 27.95261 33.89624 35.43969 33.05333 23.68126 28.37774 28.87272 35.03057 32.46928 32.86806 27.10418 28.75409 35.91481 40.67532 32.73095 33.96659 34.33671 31.44164 30.03034 30.55498 31.76398 23.61865 33.88919 28.09095 28.60333 28.42289 18.07614 25.14618 18.41918 29.84525 32.33934 30.96222 35.6895 36.65693 34.00539 21.41554 26.96704 28.77026 28.16243 31.42457 30.77999 25.09383 23.40151 -9999 -9999 -9999 
-9999 -9999 16.86461 -9999 -9999 -9999 -9999 -9999 -9999 33.04358 31.80223 18.60119 23.59741 16.89799 17.46925 21.53534 20.38837 12.91117 15.3937 22.69517 21.83472 28.96615 36.00463 27.76479 29.84809 30.34895 28.01571 30.2082 27.46385 35.66177 34.85659 43.46849 35.26808 34.06498 34.53644 26.61174 27.26473 27.75858 25.12746 23.69632 28.58699 33.10271 31.60291 31.6675 33.71222 33.24187 35.82909 40.32894 41.77789 35.51195 34.58808 36.34674 35.44453 31.70164 33.74968 29.24774 34.72968 30.18607 29.30787 27.11268 27.75433 23.00752 22.44381 34.03835 34.17711 29.04692 29.53014 37.34601 30.38509 32.2122 36.62475 33.21117 25.88068 26.29548 28.03537 25.93218 27.70882 20.31453 17.40938 -9999 -9999 -9999 -9999 
-9999 -9999 -9999 -9999 -9999 -9999 -9999 -9999 -9999 -9999 29.59141 22.2039 21.6977 19.95085 20.38155 21.06541 21.49965 18.62119 20.37664 22.19591 37.2872 43.13036 34.6939 36.95332 34.55688 35.19308 33.33117 35.54819 40.60448 37.90223 36.35634 36.42508 34.92115 36.20906 36.16271 34.09023 33.14305 23.27077 18.33343 18.81569 24.7501 36.5704 36.01282 35.01199 34.90855 38.06562 33.71532 42.59464 38.96017 38.02108 41.09494 37.95634 27.55881 36.26199 34.96032 38.71795 33.73447 29.88347 26.92046 31.12723 21.52072 26.03652 27.71837 31.36678 34.02976 30.82032 33.04216 30.96599 23.06043 27.28248 36.66452 37.76976 28.59119 31.98708 31.5195 30.70354 21.39008 21.59747 -9999 -9999 -9999 -9999 -9999 
-9999 -9999 -9999 -9999 -9999 -9999 -9999 -9999 -9999 -9999 25.28844 32.03658 22.64876 21.2725 19.16865 16.8964 18.84907 18.59593 27.35201 17.41508 34.69098 33.86411 32.94287 33.48826 33.45161 40.87725 39.6065 43.20584 41.85829 40.79795 42.16403 36.27362 33.49132 29.77868 39.10693 33.85151 27.50715 20.07992 18.86514 25.63968 28.48367 39.41821 40.19138 32.92884 29.13643 32.1831 26.35954 31.15607 36.64941 37.55729 37.98834 37.27894 33.21594 34.72991 41.55969 31.73329 28.87756 33.29998 31.18477 26.31992 27.37279 28.78883 28.31204 26.51761 31.69216 39.94696 35.7523 32.11511 33.93327 33.35351 29.27348 37.36135 39.35798 38.22538 34.19482 29.77893 21.63943 25.67435 -9999 -9999 -9999 -9999 -9999 
-9999 -9999 -9999 -9999 -9999 -9999 -9999 -9999 -9999 -9999 -9999 27.20214 18.18799 21.93462 18.80092 16.86783 12.6475 29.03609 27.36024 27.11539 36.06186 26.54072 31.45127 27.12685 34.84834 27.53819 32.42936 29.01588 28.51613 29.48153 31.85992 27.64849 28.77671 27.95376 27.45912 25.61739 18.00464 28.64719 29.73992 23.6257 34.63695 47.04347 34.2042 36.96552 35.62677 42.80502 36.76923 39.69212 35.7557 39.84997 38.11552 35.86837 37.32307 28.67455 41.53492 34.86912 32.72358 31.25006 33.78814 32.06656 32.5957 32.4394 26.15502 34.14222 26.82983 31.87861 28.98126 30.37388 32.08153 31.9116 30.49617 25.9448 34.08616 24.03444 39.23963 26.9768 33.1208 24.59327 25.82402 -9999 -9999 -9999 -9999 
-9999 -9999 -9999 -9999 -9999 -9999 -9999 -9999 -9999 -9999 -9999 17.59003 18.09989 18.57258 18.10359 13.6119 24.37102 29.89839 35.61478 36.34568 27.77582 26.34871 29.66281 29.92723 36.00372 37.65075 35.17841 34.17932 36.58677 34.80418 33.84786 36.50957 31.12886 27.32249 24.73415 32.41798 34.26118 27.68724 37.82413 33.60965 42.50795 49.2194 49.13776 44.14186 41.0923 37.32727 30.161 31.03518 34.83386 35.93703 35.6502 39.24709 29.15417 34.57645 32.01425 36.59554 35.60447 39.54617 34.95435 36.97514 32.62725 33.16177 30.63288 34.02592 32.46784 32.70461 33.48909 37.77691 32.54438 28.11015 30.82639 36.78243 32.86622 30.01399 33.4173 22.42063 27.58052 26.65148 21.81842 13.07463 -9999 -9999 -9999 
-9999 -9999 -9999 -9999 -9999 -9999 -9999 -9999 -9999 -9999 17.36013 18.86049 17.33191 19.63898 19.01963 20.17211 24.76018 29.1107 42.43686 30.16656 27.41349 24.18917 29.71479 35.19242 30.19656 32.81092 29.0251 35.13438 32.95487 26.10323 29.20397 18.85169 16.63061 30.85723 35.47807 34.12297 37.44532 37.95987 34.52678 35.92695 32.6474 32.0057 38.25219 38.20741 40.22221 37.58571 34.32677 33.8764 41.12282 34.31697 32.0183 29.2121 37.99491 37.32996 33.70887 29.73621 31.87614 34.78681 40.47251 35.33918 31.15059 35.66383 39.639 34.77821 33.33051 32.03315 34.50653 30.7625 34.12138 35.67366 37.95949 33.82101 29.35985 31.82571 29.47989 33.26123 26.49541 19.71182 24.15935 -9999 -9999 -9999 -9999 
-9999 -9999 -9999 -9999 -9999 -9999 -9999 -9999 -9999 -9999 17.18937 19.52166 20.3744 21.0693 20.1332 21.82829 26.83543 36.11219 37.39727 25.63898 23.5512 30.52355 30.02069 29.64527 34.53139 36.3224 38.10656 33.84699 29.49406 34.05412 35.0496 39.48589 39.16259 37.81959 35.0324 30.91927 26.94884 13.07649 17.31734 36.37592 31.63174 24.42628 23.74773 24.59526 34.5316 43.85925 39.99207 37.18975 40.15916 31.96661 37.46733 31.94029 33.77907 38.7476 35.18608 34.24783 33.53218 27.51676 34.83514 41.44606 38.42322 34.79098 36.65201 34.40755 34.09196 35.54264 37.19228 33.23047 33.09304 37.06868 33.76836 34.16757 25.61293 26.00531 29.49348 30.3595 23.63334 20.27198 17.7057 -9999 -9999 -9999 -9999 
-9999 -9999 -9999 -9999 -9999 -9999 -9999 -9999 -9999 -9999 18.97521 20.53798 20.39137 22.72268 25.43839 20.70024 25.17469 28.60893 32.97814 18.93419 24.39051 26.78267 30.55639 35.04095 40.40104 37.57333 32.8421 29.60525 35.27936 33.06007 26.9133 26.17563 31.45293 33.91924 35.80581 35.19247 28.98403 23.35822 26.71068 32.79602 28.82519 26.66332 26.94125 33.1263 28.0286 35.21236 36.61537 37.86483 33.07132 35.41822 29.75598 33.73777 29.69637 31.81655 43.01932 39.57819 37.99042 38.27404 24.67257 38.54139 37.01777 41.07635 41.91138 39.22881 24.7804 28.22989 36.53524 36.49257 31.2729 29.84451 29.48473 25.14429 18.03419 25.4341 30.35788 27.1818 22.76768 22.89858 -9999 -9999 -9999 -9999 -9999 
-9999 -9999 -9999 -9999 -9999 -9999 -9999 -9999 -9999 -9999 -9999 19.24585 14.6559 16.54485 17.94477 16.95227 21.45025 20.93775 34.864 24.92333 26.04133 28.95247 32.43687 30.08648 22.68922 24.0918 24.90957 37.19553 39.80474 34.8334 41.01628 44.91248 47.33165 38.05493 34.54123 31.78444 36.43694 33.01603 31.59866 30.68449 31.05484 32.62568 29.48328 33.14579 29.19183 31.86047 33.64341 39.44839 34.51011 32.59753 30.68774 27.91165 29.66681 30.08929 28.65483 27.42493 30.35504 34.90645 37.05955 33.47173 34.5861 39.49055 37.34148 39.34959 42.19891 33.14854 31.59711 31.93702 34.88016 29.25858 31.03177 26.4372 23.72836 26.37609 27.91299 27.17792 23.29756 14.77002 -9999 -9999 -9999 -9999 -9999 
-9999 -9999 -9999 -9999 -9999 -9999 -9999 -9999 -9999 -9999 -9999 -9999 -9999 17.54495 15.69588 22.61141 15.95778 29.45541 34.48005 24.10926 26.25372 29.12228 25.42701 25.82841 24.52823 27.78021 32.78877 29.64238 28.62605 29.49132 30.48955 31.09557 30.28255 34.5909 34.8919 36.18249 32.67654 16.97819 35.27218 32.86271 33.50924 35.88945 35.2831 29.62731 30.90345 32.07574 23.56438 29.63 34.13668 34.54897 35.28071 32.14177 28.92284 31.77329 28.30849 30.1145 34.17503 32.51416 28.35014 26.43433 29.57851 32.24092 34.69033 39.98196 40.94035 33.86058 33.25848 35.38671 32.32191 29.06934 27.35711 30.52886 26.2275 25.59899 20.23688 28.04515 -9999 -9999 -9999 -9999 -9999 -9999 -9999 
-9999 -9999 -9999 -9999 -9999 -9999 -9999 -9999 -9999 -9999 -9999 -9999 -9999 16.3176 14.6406 23.28111 23.64743 37.47768 23.13751 20.84603 29.40529 26.55688 24.67483 32.32053 36.41692 27.93102 26.55857 26.2044 25.35665 25.65235 26.51929 27.67968 27.19242 26.65354 25.98722 28.4858 23.24502 35.58199 41.78024 30.76963 27.34021 35.78359 32.37279 26.81945 39.40013 30.95194 23.74012 26.31951 29.69839 36.04225 30.21328 30.96346 30.77571 34.95734 34.74763 33.92064 35.81496 33.06199 34.43075 35.18799 27.65521 39.19657 37.05931 36.61079 37.81014 35.68531 30.67503 31.83243 25.49816 30.96307 25.90567 25.68658 25.92359 15.56092 28.15265 -9999 -9999 -9999 -9999 -9999 -9999 -9999 -9999 
-9999 -9999 -9999 -9999 -9999 -9999 -9999 -9999 -9999 -9999 -9999 -9999 -9999 -9999 -9999 -9999 -9999 30.6137 17.60782 20.94007 25.04791 24.20345 29.75625 20.07657 20.72947 36.13893 32.75599 32.78278 28.72823 35.77748 21.79095 20.20586 22.07817 25.98955 34.87841 32.71627 32.30697 31.96367 30.82743 32.03882 37.22173 31.82512 32.75765 29.93728 38.88729 31.16656 26.49915 28.39827 31.80501 36.10273 20.99389 23.15763 28.19344 37.40884 29.77016 30.42113 36.86426 34.68966 33.6605 37.59257 34.06114 34.50881 33.62053 38.03072 34.63945 35.04468 38.58414 31.95802 27.35982 28.35646 29.45661 27.89464 14.13877 35.05698 -9999 -9999 -9999 -9999 -9999 -9999 -9999 -9999 -9999 
-9999 -9999 -9999 -9999 -9999 -9999 -9999 -9999 -9999 -9999 -9999 -9999 -9999 -9999 -9999 26.06912 24.03757 19.1842 22.6625 21.11025 21.84982 25.36154 24.62455 21.90428 22.26607 20.49677 24.93671 26.21431 30.09258 29.0493 20.3741 25.23544 35.99756 34.79243 29.18268 27.22358 29.23512 25.24367 26.09604 33.13246 33.0158 30.62219 28.82243 27.2277 32.94839 26.11639 27.33758 29.84568 25.87351 34.83366 26.71989 25.46061 29.93214 31.56392 33.14773 32.17614 33.54224 34.26495 41.61264 35.95778 42.95299 40.89433 28.35423 33.48247 30.74046 37.69867 34.68906 30.04805 30.34399 32.28609 27.97068 22.35874 22.7528 -9999 -9999 -9999 -9999 -9999 -9999 -9999 -9999 -9999 -9999 
-9999 -9999 -9999 -9999 -9999 -9999 -9999 -9999 -9999 -9999 -9999 -9999 -9999 21.63648 23.56932 26.3663 23.87328 26.68253 29.28367 28.67198 26.17635 27.52457 26.14678 29.94487 27.72391 26.46845 27.74614 23.01325 23.4925 23.86633 27.24755 39.82681 29.24213 18.76934 21.33439 23.3649 22.20555 28.55965 33.11515 31.22231 33.0591 27.56684 23.91638 31.89083 33.03841 26.5402 28.8205 30.336 30.77601 36.4476 26.26946 23.66887 29.3799 29.16322 22.57772 33.44453 35.96208 34.59516 39.32848 40.69032 38.16743 39.30425 39.46862 33.60519 34.77314 31.85597 36.15477 30.58612 33.13907 29.93192 30.54099 20.28444 34.44658 -9999 -9999 -9999 -9999 -9999 -9999 -9999 -9999 -9999 -9999 
-9999 -9999 -9999 -9999 -9999 -9999 -9999 -9999 -9999 -9999 -9999 -9999 19.04923 22.1289 24.89848 30.64096 17.79671 25.92343 27.96898 31.70441 35.10727 35.5633 32.31404 30.98512 33.2417 36.15182 35.17476 30.32379 22.27332 34.65596 40.97551 30.7564 29.41253 30.82438 27.05309 23.69221 21.85608 29.29263 30.85659 33.19467 29.10056 25.22688 28.11501 33.28429 28.59455 29.11325 28.60839 29.63783 32.32894 30.2624 33.3898 28.07314 31.71327 33.24076 29.05834 28.89665 26.00897 35.26988 34.83704 37.28926 38.42347 34.16303 29.58316 23.46835 29.55054 29.65706 32.49035 34.07016 26.34984 26.54508 23.78498 25.15105 -9999 -9999 -9999 -9999 -9999 -9999 -9999 -9999 -9999 -9999 -9999 
-9999 -9999 -9999 -9999 -9999 -9999 -9999 -9999 -9999 -9999 -9999 -9999 25.94473 25.48298 24.57567 24.89342 26.26874 25.95866 23.0706 20.66499 19.2393 22.96054 23.41309 29.91892 25.08794 21.19507 21.43805 29.38483 35.58211 36.3685 24.22302 27.20131 27.15036 28.0641 30.21729 21.49775 21.46363 25.03812 26.91626 29.22779 26.29924 25.05481 33.06052 26.28176 25.63421 27.07898 30.73755 34.60873 35.05014 31.65545 29.39354 30.57877 27.80636 29.90947 28.67776 32.37966 36.12539 21.73632 21.19759 25.17682 27.77858 27.15798 30.94842 27.00929 34.23202 31.5597 29.74155 36.93658 25.054 27.60215 20.39126 17.53009 28.4252 20.7278 13.33988 -9999 -9999 -9999 -9999 -9999 -9999 -9999 -9999 
-9999 -9999 -9999 -9999 -9999 -9999 -9999 -9999 -9999 -9999 -9999 -9999 -9999 17.27965 21.77201 28.51018 30.62772 32.43642 34.18648 24.99405 20.63469 22.16631 28.30983 27.0839 18.62524 19.54236 29.86014 30.33483 24.3016 23.51877 30.70063 30.87041 32.30198 27.3087 23.44012 24.22429 18.62157 27.47086 25.68765 28.30052 20.53066 27.90981 25.44724 24.61773 23.49991 28.90312 27.37801 30.46474 28.8618 31.49039 30.05369 35.67496 29.03127 39.86184 35.20676 34.46022 36.50219 29.62022 28.92983 32.34352 23.11987 21.04728 26.95672 34.49494 32.68818 36.65931 29.88631 33.64594 24.2306 23.81056 26.33521 28.24796 22.96472 8.773589 9.965049 -9999 -9999 -9999 -9999 -9999 -9999 -9999 -9999 
-9999 -9999 -9999 -9999 -9999 -9999 -9999 -9999 -9999 -9999 -9999 -9999 -9999 25.04525 24.19312 23.99873 18.36334 13.47202 24.06297 25.48916 24.55533 22.03208 24.61246 21.33923 24.35151 24.45306 36.24421 33.36086 27.42544 26.40333 33.79599 35.75841 32.26676 16.20805 20.51973 23.54308 21.57989 22.22523 26.79376 22.34327 21.39559 29.10723 24.74036 29.85206 30.89803 27.52356 31.25935 22.28031 25.66935 31.41014 35.2309 37.34775 35.17828 39.39241 35.88679 32.67782 30.70613 28.06272 36.09336 28.45889 22.3363 18.68456 24.80358 30.01101 30.99854 29.35702 30.22176 30.99153 32.99981 21.31325 19.73339 19.82971 15.16867 6.444923 -9999 -9999 -9999 -9999 -9999 -9999 -9999 -9999 -9999 
-9999 -9999 -9999 -9999 -9999 -9999 -9999 -9999 -9999 -9999 -9999 -9999 -9999 25.82684 23.69107 21.59266 23.73087 22.5598 18.6845 26.84395 20.73948 22.71932 24.73973 21.09333 19.19243 36.34703 32.74367 30.58882 29.61781 30.156 34.10193 31.17395 18.76893 21.11375 17.65116 22.45599 22.96827 23.93941 29.3368 25.72705 24.91027 30.4477 30.94907 27.85882 28.08092 25.95407 33.11511 40.24884 34.11811 29.97884 35.48628 36.2947 35.28662 29.6976 34.86045 32.3508 36.54043 33.78549 31.73805 27.44614 23.15488 19.32672 29.58104 32.87932 30.93607 32.97617 29.28988 21.931 28.01434 22.43943 22.22695 14.07247 7.566501 -9999 -9999 -9999 -9999 -9999 -9999 -9999 -9999 -9999 -9999 
-9999 -9999 -9999 -9999 -9999 -9999 -9999 -9999 -9999 -9999 -9999 -9999 22.37123 22.54659 21.74048 21.90876 16.17714 15.53349 24.99358 19.49018 18.16515 19.01724 22.06803 18.44606 29.94514 43.27 40.64373 35.7103 31.53069 29.34415 25.54404 26.27777 21.29972 23.9085 21.74609 25.45322 25.69192 23.97357 26.29383 30.45161 23.08664 32.63756 35.33543 37.03778 34.51536 33.15797 35.3854 40.24028 36.85889 38.19534 28.90711 32.89043 32.97301 35.65966 30.50354 28.18022 36.64878 35.50812 27.39239 28.8323 24.29152 23.74513 32.41913 34.30334 28.54008 22.369 30.74693 31.24207 20.79902 22.49727 14.58031 14.81089 -9999 -9999 -9999 -9999 -9999 -9999 -9999 -9999 -9999 -9999 -9999 
-9999 -9999 -9999 -9999 -9999 -9999 -9999 -9999 -9999 -9999 -9999 -9999 21.00551 17.90014 20.5502 19.4353 15.77962 22.22488 22.35555 21.38237 19.68469 20.45316 22.5552 32.84327 44.25018 38.08554 38.05111 34.54607 28.26178 27.30946 28.81474 30.16429 28.27122 27.95625 28.1476 28.22226 25.18357 25.17947 29.03206 28.4302 21.90704 29.16337 30.70868 34.9168 32.26008 39.7307 39.05468 34.64968 35.71281 36.18415 39.661 32.7539 28.88432 30.03871 35.02081 34.485 31.14362 24.83858 23.13875 28.10591 17.96486 20.83421 34.21988 29.28145 30.39928 19.40295 29.56341 25.91264 9.994501 9.633813 16.37832 -9999 -9999 -9999 -9999 -9999 -9999 -9999 -9999 -9999 -9999 -9999 -9999 
-9999 -9999 -9999 -9999 -9999 -9999 -9999 -9999 -9999 -9999 -9999 15.38488 22.7947 18.325 18.55948 23.87647 18.68671 20.55377 23.50376 21.30588 19.08592 20.9561 19.14738 32.55275 42.79373 34.81009 30.1691 24.36666 20.6348 21.74487 25.01624 20.27255 29.56956 24.28163 26.3405 28.0594 18.36392 21.776 28.48556 24.86996 25.97374 26.58508 32.57273 37.92084 36.89504 31.60763 32.66722 38.62267 38.37226 35.17572 35.8215 35.4668 35.55687 36.80683 27.76709 31.20947 26.36035 29.43342 30.66144 25.00419 22.39548 26.01178 28.87374 35.47304 27.53471 28.26336 31.3945 18.20294 10.48492 -9999 -9999 -9999 -9999 -9999 -9999 -9999 -9999 -9999 -9999 -9999 -9999 -9999 -9999 
-9999 -9999 -9999 -9999 -9999 -9999 -9999 -9999 -9999 -9999 -9999 -9999 20.8392 22.49286 17.67809 21.7423 14.66279 21.5469 20.49088 13.22797 18.06747 22.98435 19.29922 29.43485 40.55845 40.84187 40.86684 24.34112 20.50314 19.82462 25.50363 29.52994 25.34128 26.53472 26.13334 20.69817 18.26406 18.53503 31.67579 31.14342 29.20374 28.02425 26.36465 41.40023 38.34816 39.9271 36.65878 33.04249 34.57565 39.44688 33.7776 37.37033 36.61802 35.03495 18.31078 28.03031 36.96489 30.58751 34.81594 28.35267 24.91158 19.34137 30.1963 30.1687 22.6034 27.1382 26.08117 17.68885 19.97023 -9999 -9999 -9999 -9999 -9999 -9999 -9999 -9999 -9999 -9999 -9999 -9999 -9999 -9999 
-9999 -9999 -9999 -9999 -9999 -9999 -9999 -9999 -9999 -9999 -9999 -9999 14.65949 19.93111 18.32526 22.83875 22.07789 14.52407 23.55426 20.12458 19.7461 26.5982 22.80958 39.74336 49.144 46.79576 38.03478 27.54602 30.4961 32.01534 30.69788 32.8876 32.03407 26.432 24.09945 25.59258 18.31665 13.70751 23.9647 32.39205 31.13243 28.55139 30.55532 35.83225 38.25584 35.24897 33.00324 38.41272 38.25337 34.35071 35.50753 37.09839 32.50964 29.32498 27.24632 31.26114 28.80488 31.43689 26.14155 29.10973 26.89898 29.66022 31.0663 20.66163 21.79723 23.50859 24.17904 12.83172 -9999 -9999 -9999 -9999 -9999 -9999 -9999 -9999 -9999 -9999 -9999 -9999 -9999 -9999 -9999 
-9999 -9999 -9999 -9999 -9999 -9999 -9999 -9999 -9999 -9999 -9999 -9999 -9999 18.95022 19.28668 23.64318 24.5428 28.56877 23.10173 25.10367 22.71972 23.52009 22.00602 36.92199 36.15396 37.32773 34.88604 40.08634 23.77412 26.9753 30.57475 35.19663 36.27509 33.96225 34.2606 21.42988 13.91073 18.79262 19.28563 26.11511 25.59572 25.90542 29.4416 25.30161 37.9183 38.72938 40.25588 34.58375 30.12919 32.70144 28.44351 35.56094 34.20173 28.91674 31.40056 32.78922 32.95855 29.59942 21.71612 30.83121 22.89773 27.6549 27.3918 22.32863 26.40995 16.92843 13.22936 19.96253 -9999 -9999 -9999 -9999 -9999 -9999 -9999 -9999 -9999 -9999 -9999 -9999 -9999 -9999 -9999 
-9999 -9999 -9999 -9999 -9999 -9999 -9999 -9999 -9999 -9999 -9999 -9999 -9999 17.9043 21.27876 26.45448 -9999 -9999 25.51294 29.52644 25.33455 28.31256 25.4199 36.57673 39.83065 39.74722 41.09638 32.44488 24.73081 26.7793 36.94182 35.21195 33.47034 30.43213 29.63101 27.39184 19.71432 17.69945 13.19746 24.88574 20.78767 20.46204 32.64186 32.55015 41.39166 35.31186 35.21165 39.5241 36.86567 31.62085 28.95587 36.46515 36.4207 37.83405 41.13206 32.5761 33.62693 37.3205 40.57081 33.65929 25.19434 24.73985 25.57504 23.48059 20.06132 21.56092 18.13723 -9999 -9999 -9999 -9999 -9999 -9999 -9999 -9999 -9999 -9999 -9999 -9999 -9999 -9999 -9999 -9999 
-9999 -9999 -9999 -9999 -9999 -9999 -9999 -9999 -9999 -9999 -9999 -9999 -9999 -9999 22.52279 23.47737 -9999 -9999 -9999 28.04128 29.982 32.61216 27.19684 29.32184 36.98748 33.85351 29.59263 24.8582 29.03026 27.93323 29.80004 29.67998 27.6812 26.51686 28.30923 29.43727 26.06244 15.23589 17.00395 23.82956 28.6759 36.682 37.46633 31.61317 31.99188 36.91851 36.04002 29.26744 33.90134 33.28794 36.59225 34.44817 39.8125 35.62679 35.71547 36.98439 38.05788 37.07392 29.23058 33.79842 28.00794 20.52577 27.19135 32.05346 33.42348 30.40377 16.43402 -9999 -9999 -9999 -9999 -9999 -9999 -9999 -9999 -9999 -9999 -9999 -9999 -9999 -9999 -9999 -9999 
-9999 -9999 -9999 -9999 -9999 -9999 -9999 -9999 -9999 -9999 -9999 -9999 -9999 -9999 23.76293 -9999 -9999 -9999 -9999 27.33145 24.26154 25.70978 33.98816 37.91179 33.59211 35.67116 35.28047 24.65129 24.85036 29.82923 31.91281 25.90751 27.06899 28.19745 31.59706 25.56034 21.72772 24.32445 25.78927 25.71679 33.63045 33.71635 32.57989 29.11657 31.01438 33.52635 27.94785 27.64754 32.73944 40.30632 33.84819 36.78119 28.81937 26.64917 24.76893 24.08275 20.55439 18.79091 18.2152 31.41773 30.16088 32.19924 30.52432 28.00883 -9999 -9999 -9999 -9999 -9999 -9999 -9999 -9999 -9999 -9999 -9999 -9999 -9999 -9999 -9999 -9999 -9999 -9999 -9999 
-9999 -9999 -9999 -9999 -9999 -9999 -9999 -9999 -9999 -9999 -9999 -9999 -9999 -9999 -9999 -9999 -9999 -9999 -9999 24.09496 25.46068 40.47369 38.73026 34.84491 33.06379 32.65929 32.43412 25.07409 29.98833 29.8136 25.10391 24.83591 24.54939 22.96075 22.15871 23.80308 23.13329 25.49647 18.48083 19.01364 28.16976 30.27824 31.3329 33.73807 32.25593 25.79827 26.91308 23.5792 28.05012 29.72046 31.00538 32.13049 30.46148 24.7391 20.54349 21.23349 22.12774 17.36653 17.21554 24.62103 25.04844 24.73491 24.22209 -9999 -9999 -9999 -9999 -9999 -9999 -9999 -9999 -9999 -9999 -9999 -9999 -9999 -9999 -9999 -9999 -9999 -9999 -9999 -9999 
-9999 -9999 -9999 -9999 -9999 -9999 -9999 -9999 -9999 -9999 -9999 -9999 -9999 -9999 -9999 -9999 -9999 -9999 -9999 17.8749 24.42522 31.49404 32.73207 31.48715 29.14233 20.09711 30.37819 22.13386 31.32732 32.2031 23.30269 28.17293 28.27367 28.81805 27.8981 33.97977 28.45949 24.09273 24.61307 29.33896 30.19854 30.15352 31.06739 26.88577 21.37314 26.31683 24.21055 20.88633 20.29223 24.64334 24.96089 24.8264 25.14504 23.77834 19.27496 20.76009 22.59877 20.46082 20.65501 15.86887 17.93106 15.14486 -9999 -9999 -9999 -9999 -9999 -9999 -9999 -9999 -9999 -9999 -9999 -9999 -9999 -9999 -9999 -9999 -9999 -9999 -9999 -9999 -9999 
-9999 -9999 -9999 -9999 -9999 -9999 -9999 -9999 -9999 -9999 -9999 -9999 -9999 -9999 -9999 -9999 -9999 -9999 -9999 -9999 23.26438 29.83409 24.09567 18.9006 28.30895 36.69783 37.95589 23.09484 33.60476 35.18266 30.28868 30.7321 29.30668 31.79231 28.77905 30.66259 27.56193 29.47262 29.67627 35.35455 32.15449 24.37018 23.3257 15.57541 26.45959 27.03569 26.01158 24.99179 26.42765 26.60853 26.32224 21.28168 24.97715 22.16441 20.97487 21.69029 22.76911 24.704 30.72329 25.39638 25.35855 21.27626 -9999 -9999 -9999 -9999 -9999 -9999 -9999 -9999 -9999 -9999 -9999 -9999 -9999 -9999 -9999 -9999 -9999 -9999 -9999 -9999 -9999 
-9999 -9999 -9999 -9999 -9999 -9999 -9999 -9999 -9999 -9999 -9999 -9999 -9999 -9999 -9999 -9999 -9999 -9999 -9999 -9999 21.62452 28.83032 24.90278 22.41363 30.51089 33.30944 26.90587 31.40884 30.3834 35.07717 30.24023 29.33456 32.89873 30.58901 31.84634 26.5723 19.29168 24.35701 30.63114 23.64929 26.058 26.61227 25.73278 24.68242 25.58253 22.19892 22.43536 27.89417 31.19237 27.5476 22.27146 22.40893 24.17568 20.66409 16.9129 20.71914 22.5518 22.56754 24.5327 21.67199 24.78685 -9999 -9999 -9999 -9999 -9999 -9999 -9999 -9999 -9999 -9999 -9999 -9999 -9999 -9999 -9999 -9999 -9999 -9999 -9999 -9999 -9999 -9999 
-9999 -9999 -9999 -9999 -9999 -9999 -9999 -9999 -9999 -9999 -9999 -9999 -9999 -9999 -9999 -9999 -9999 -9999 -9999 -9999 28.37308 31.67524 28.89871 21.16392 28.52921 27.4659 32.81372 34.00041 32.28955 34.06453 35.78247 32.71154 33.70589 32.06334 23.7806 18.45226 19.25919 18.49727 25.23212 23.10949 26.34989 29.08098 22.25292 32.11776 26.46468 20.17731 16.84753 20.1727 23.10115 23.67995 24.32624 24.35377 26.31008 19.79025 23.96436 26.103 27.70865 26.19802 25.73652 26.40297 -9999 -9999 -9999 -9999 -9999 -9999 -9999 -9999 -9999 -9999 -9999 -9999 -9999 -9999 -9999 -9999 -9999 -9999 -9999 -9999 -9999 -9999 -9999 
-9999 -9999 -9999 -9999 -9999 -9999 -9999 -9999 -9999 -9999 -9999 -9999 -9999 -9999 -9999 -9999 -9999 -9999 -9999 -9999 -9999 37.18037 29.02734 20.36321 30.10753 23.2135 23.66902 33.80745 37.93441 30.20466 27.69919 32.00342 32.39936 24.02879 21.01206 17.1189 20.60232 19.0093 24.6921 24.2459 25.47062 24.9406 23.75195 31.01775 34.61451 23.77755 17.96151 21.75558 23.05087 21.06555 16.25841 17.70611 20.84769 24.20305 27.4161 25.46822 24.40752 27.93295 -9999 -9999 -9999 -9999 -9999 -9999 -9999 -9999 -9999 -9999 -9999 -9999 -9999 -9999 -9999 -9999 -9999 -9999 -9999 -9999 -9999 -9999 -9999 -9999 -9999 
-9999 -9999 -9999 -9999 -9999 -9999 -9999 -9999 -9999 -9999 -9999 -9999 -9999 -9999 -9999 -9999 -9999 -9999 -9999 -9999 -9999 33.78274 29.39404 26.88329 22.34314 24.9417 25.92427 28.57659 28.45076 34.77385 35.29974 32.8526 29.02986 25.00742 19.6764 23.01449 27.26954 25.58189 20.39355 25.08953 29.11818 27.70631 26.08721 23.09663 31.02214 34.42097 27.58383 22.19892 21.61972 23.95566 29.35678 28.09385 31.69764 26.91292 -9999 -9999 -9999 -9999 -9999 -9999 -9999 -9999 -9999 -9999 -9999 -9999 -9999 -9999 -9999 -9999 -9999 -9999 -9999 -9999 -9999 -9999 -9999 -9999 -9999 -9999 -9999 -9999 -9999 
-9999 -9999 -9999 -9999 -9999 -9999 -9999 -9999 -9999 -9999 -9999 -9999 -9999 -9999 -9999 -9999 -9999 -9999 -9999 -9999 35.2592 40.11563 38.37238 36.39 27.98852 33.00985 29.44322 33.09723 32.78316 30.3592 35.08313 28.39796 24.01905 22.28985 25.78874 23.25471 22.22694 21.76227 18.9199 19.71408 23.77639 26.60666 27.72628 26.87391 20.14334 29.61649 34.78549 25.68501 26.26154 23.91928 26.36802 -9999 -9999 -9999 -9999 -9999 -9999 -9999 -9999 -9999 -9999 -9999 -9999 -9999 -9999 -9999 -9999 -9999 -9999 -9999 -9999 -9999 -9999 -9999 -9999 -9999 -9999 -9999 -9999 -9999 -9999 -9999 -9999 
-9999 -9999 -9999 -9999 -9999 -9999 -9999 -9999 -9999 -9999 -9999 -9999 -9999 -9999 -9999 -9999 -9999 -9999 -9999 -9999 31.97699 32.97049 38.77353 38.97418 45.0846 38.18343 37.46284 34.15821 34.66089 26.84621 24.25459 32.98148 37.01736 27.33529 20.44801 20.29129 17.0799 17.70546 22.85781 20.82154 20.11428 28.73589 30.44256 33.50351 27.29759 26.87576 31.10904 30.13241 29.90582 24.85743 26.13718 -9999 -9999 -9999 -9999 -9999 -9999 -9999 -9999 -9999 -9999 -9999 -9999 -9999 -9999 -9999 -9999 -9999 -9999 -9999 -9999 -9999 -9999 -9999 -9999 -9999 -9999 -9999 -9999 -9999 -9999 -9999 -9999 
-9999 -9999 -9999 -9999 -9999 -9999 -9999 -9999 -9999 -9999 -9999 -9999 -9999 -9999 -9999 -9999 -9999 -9999 -9999 -9999 27.06025 28.74246 28.44395 28.85736 31.96945 37.80983 34.12528 28.22113 22.74541 30.66833 28.64538 22.67283 21.7145 30.49983 28.52919 25.54088 16.94674 20.89489 18.65436 16.02448 21.78299 18.39504 33.06466 36.27142 32.00936 32.13737 36.03091 33.72844 28.92404 27.50122 24.76333 -9999 -9999 -9999 -9999 -9999 -9999 -9999 -9999 -9999 -9999 -9999 -9999 -9999 -9999 -9999 -9999 -9999 -9999 -9999 -9999 -9999 -9999 -9999 -9999 -9999 -9999 -9999 -9999 -9999 -9999 -9999 -9999 
-9999 -9999 -9999 -9999 -9999 -9999 -9999 -9999 -9999 -9999 -9999 -9999 -9999 -9999 -9999 -9999 -9999 -9999 -9999 -9999 20.87045 25.76618 25.03448 26.83397 18.56106 19.09072 24.76668 28.25267 29.05425 24.71354 23.9931 17.59251 25.0535 31.64537 26.8714 22.96914 22.73354 25.10721 21.85432 19.23131 19.13555 21.77809 23.85312 34.01001 25.04039 23.64571 24.71109 31.62298 35.74828 30.7229 -9999 -9999 -9999 -9999 -9999 -9999 -9999 -9999 -9999 -9999 -9999 -9999 -9999 -9999 -9999 -9999 -9999 -9999 -9999 -9999 -9999 -9999 -9999 -9999 -9999 -9999 -9999 -9999 -9999 -9999 -9999 -9999 -9999 
-9999 -9999 -9999 -9999 -9999 -9999 -9999 -9999 -9999 -9999 -9999 -9999 -9999 -9999 -9999 -9999 -9999 -9999 -9999 -9999 26.49912 25.42369 18.73638 21.47989 22.45207 30.17549 28.06225 23.94267 23.928 21.85538 22.11265 20.36404 21.79758 24.57022 23.38054 21.77207 18.57123 16.38588 21.0461 17.07458 22.48268 24.53054 16.25124 27.95739 32.4046 32.42307 26.4888 27.71571 28.61744 38.3491 -9999 -9999 -9999 -9999 -9999 -9999 -9999 -9999 -9999 -9999 -9999 -9999 -9999 -9999 -9999 -9999 -9999 -9999 -9999 -9999 -9999 -9999 -9999 -9999 -9999 -9999 -9999 -9999 -9999 -9999 -9999 -9999 -9999 
-9999 -9999 -9999 -9999 -9999 -9999 -9999 -9999 -9999 -9999 -9999 -9999 -9999 -9999 -9999 -9999 -9999 -9999 -9999 34.58389 32.16739 27.6048 24.20062 30.07063 26.39527 27.19367 22.79638 31.13721 20.10172 20.96414 19.27975 18.92101 23.81574 28.39882 23.29602 24.7574 18.58784 22.11724 21.37881 17.8908 13.99623 23.69865 19.45601 18.84556 23.80188 34.51717 34.47248 36.5678 24.18081 16.53875 -9999 -9999 -9999 -9999 -9999 -9999 -9999 -9999 -9999 -9999 -9999 -9999 -9999 -9999 -9999 -9999 -9999 -9999 -9999 -9999 -9999 -9999 -9999 -9999 -9999 -9999 -9999 -9999 -9999 -9999 -9999 -9999 -9999 
-9999 -9999 -9999 -9999 -9999 -9999 -9999 -9999 -9999 -9999 -9999 -9999 -9999 -9999 -9999 -9999 -9999 -9999 -9999 -9999 29.00988 24.63563 23.60537 25.2244 32.97554 25.22784 29.11957 26.95326 24.99549 28.73447 18.23393 23.54696 26.72129 24.25555 23.96601 31.96749 27.4652 21.80752 20.3381 20.02818 14.63842 16.6942 17.27837 21.20088 15.12192 24.71702 21.22538 29.73899 32.69767 28.24864 26.32939 -9999 -9999 -9999 -9999 -9999 -9999 -9999 -9999 -9999 -9999 -9999 -9999 -9999 -9999 -9999 -9999 -9999 -9999 -9999 -9999 -9999 -9999 -9999 -9999 -9999 -9999 -9999 -9999 -9999 -9999 -9999 -9999 
-9999 -9999 -9999 -9999 -9999 -9999 -9999 -9999 -9999 -9999 -9999 -9999 -9999 -9999 -9999 -9999 -9999 -9999 -9999 -9999 23.6543 25.00165 29.44835 28.17193 22.65964 23.38681 29.3811 20.3686 25.24271 20.45128 20.00496 20.36661 27.11137 24.57811 25.01098 25.07307 22.10023 30.70198 24.28462 26.86631 17.60156 15.34753 19.42808 22.96079 21.69531 26.19867 17.77918 26.71385 28.69124 21.2937 23.48333 -9999 -9999 -9999 -9999 -9999 -9999 -9999 -9999 -9999 -9999 -9999 -9999 -9999 -9999 -9999 -9999 -9999 -9999 -9999 -9999 -9999 -9999 -9999 -9999 -9999 -9999 -9999 -9999 -9999 -9999 -9999 -9999 
-9999 -9999 -9999 -9999 -9999 -9999 -9999 -9999 -9999 -9999 -9999 -9999 -9999 -9999 -9999 -9999 -9999 -9999 -9999 -9999 -9999 31.3031 32.47345 23.29596 22.54524 26.9208 26.36024 23.29659 20.47328 21.90329 21.81992 21.87445 27.60561 25.7032 26.99468 24.95854 22.38136 20.72236 30.90062 31.24803 22.74221 20.75936 24.77594 19.20068 19.02671 19.83862 18.37371 25.55125 31.31796 21.97144 -9999 -9999 -9999 -9999 -9999 -9999 -9999 -9999 -9999 -9999 -9999 -9999 -9999 -9999 -9999 -9999 -9999 -9999 -9999 -9999 -9999 -9999 -9999 -9999 -9999 -9999 -9999 -9999 -9999 -9999 -9999 -9999 -9999 
-9999 -9999 -9999 -9999 -9999 -9999 -9999 -9999 -9999 -9999 -9999 -9999 -9999 -9999 -9999 -9999 -9999 -9999 -9999 -9999 -9999 -9999 -9999 23.97497 26.89639 21.1357 19.91782 17.94502 21.47329 30.32614 22.5258 26.93809 23.86185 23.02558 21.75436 20.4469 19.22607 21.81178 21.69294 27.22509 30.78041 22.66682 24.11648 21.48311 19.48448 22.65702 25.8858 24.42536 24.02411 24.82837 -9999 -9999 -9999 -9999 -9999 -9999 -9999 -9999 -9999 -9999 -9999 -9999 -9999 -9999 -9999 -9999 -9999 -9999 -9999 -9999 -9999 -9999 -9999 -9999 -9999 -9999 -9999 -9999 -9999 -9999 -9999 -9999 -9999 
-9999 -9999 -9999 -9999 -9999 -9999 -9999 -9999 -9999 -9999 -9999 -9999 -9999 -9999 -9999 -9999 -9999 -9999 -9999 -9999 -9999 -9999 -9999 33.45326 22.81509 22.62421 17.7451 20.86366 29.42928 30.77644 23.35125 24.88027 20.87932 20.42597 23.83152 19.00574 16.64022 23.97966 15.52904 27.8477 33.248 29.01401 -9999 25.7175 22.99978 28.10285 27.57405 23.77214 24.30907 -9999 -9999 -9999 -9999 -9999 -9999 -9999 -9999 -9999 -9999 -9999 -9999 -9999 -9999 -9999 -9999 -9999 -9999 -9999 -9999 -9999 -9999 -9999 -9999 -9999 -9999 -9999 -9999 -9999 -9999 -9999 -9999 -9999 -9999 
-9999 -9999 -9999 -9999 -9999 -9999 -9999 -9999 -9999 -9999 -9999 -9999 -9999 -9999 -9999 -9999 -9999 -9999 -9999 -9999 -9999 -9999 25.40999 26.37552 29.56392 24.4194 24.41463 25.14164 23.91619 23.72801 21.38704 22.42708 20.9024 25.43346 21.16085 20.90765 22.74016 26.8462 22.11346 22.31579 34.09277 34.31945 -9999 -9999 -9999 -9999 -9999 -9999 -9999 -9999 -9999 -9999 -9999 -9999 -9999 -9999 -9999 -9999 -9999 -9999 -9999 -9999 -9999 -9999 -9999 -9999 -9999 -9999 -9999 -9999 -9999 -9999 -9999 -9999 -9999 -9999 -9999 -9999 -9999 -9999 -9999 -9999 -9999 
-9999 -9999 -9999 -9999 -9999 -9999 -9999 -9999 -9999 -9999 -9999 -9999 -9999 -9999 -9999 -9999 -9999 -9999 -9999 -9999 -9999 -9999 26.65464 30.35568 26.01583 24.22862 23.93802 24.14205 22.23554 23.70418 28.7882 26.79193 22.47699 -9999 23.78587 20.74289 24.64441 24.75153 24.92854 29.22765 33.65346 35.22414 -9999 -9999 -9999 -9999 -9999 -9999 -9999 -9999 -9999 -9999 -9999 -9999 -9999 -9999 -9999 -9999 -9999 -9999 -9999 -9999 -9999 -9999 -9999 -9999 -9999 -9999 -9999 -9999 -9999 -9999 -9999 -9999 -9999 -9999 -9999 -9999 -9999 -9999 -9999 -9999 -9999 
-9999 -9999 -9999 -9999 -9999 -9999 -9999 -9999 -9999 -9999 -9999 -9999 -9999 -9999 -9999 -9999 -9999 -9999 -9999 -9999 -9999 -9999 30.19909 23.79954 21.89616 19.41963 24.00357 23.61306 33.29807 -9999 -9999 -9999 -9999 -9999 18.77968 21.91483 18.43151 18.22726 22.75074 19.12241 31.59623 25.13199 -9999 -9999 -9999 -9999 -9999 -9999 -9999 -9999 -9999 -9999 -9999 -9999 -9999 -9999 -9999 -9999 -9999 -9999 -9999 -9999 -9999 -9999 -9999 -9999 -9999 -9999 -9999 -9999 -9999 -9999 -9999 -9999 -9999 -9999 -9999 -9999 -9999 -9999 -9999 -9999 -9999 
-9999 -9999 -9999 -9999 -9999 -9999 -9999 -9999 -9999 -9999 -9999 -9999 -9999 -9999 -9999 -9999 -9999 -9999 -9999 -9999 -9999 -9999 -9999 24.47351 20.4061 19.46165 24.28874 22.90403 29.9985 -9999 -9999 -9999 -9999 -9999 -9999 -9999 20.24084 21.99771 19.82994 17.74209 26.77934 -9999 -9999 -9999 -9999 -9999 -9999 -9999 -9999 -9999 -9999 -9999 -9999 -9999 -9999 -9999 -9999 -9999 -9999 -9999 -9999 -9999 -9999 -9999 -9999 -9999 -9999 -9999 -9999 -9999 -9999 -9999 -9999 -9999 -9999 -9999 -9999 -9999 -9999 -9999 -9999 -9999 -9999 
-9999 -9999 -9999 -9999 -9999 -9999 -9999 -9999 -9999 -9999 -9999 -9999 -9999 -9999 -9999 -9999 -9999 -9999 -9999 -9999 -9999 -9999 -9999 22.97867 24.49904 26.31841 14.41613 26.27119 25.01302 20.56672 -9999 -9999 -9999 -9999 -9999 -9999 -9999 23.38915 14.78828 22.81928 -9999 -9999 -9999 -9999 -9999 -9999 -9999 -9999 -9999 -9999 -9999 -9999 -9999 -9999 -9999 -9999 -9999 -9999 -9999 -9999 -9999 -9999 -9999 -9999 -9999 -9999 -9999 -9999 -9999 -9999 -9999 -9999 -9999 -9999 -9999 -9999 -9999 -9999 -9999 -9999 -9999 -9999 -9999 
-9999 -9999 -9999 -9999 -9999 -9999 -9999 -9999 -9999 -9999 -9999 -9999 -9999 -9999 -9999 -9999 -9999 -9999 -9999 -9999 -9999 -9999 -9999 22.4778 -9999 20.47864 20.68948 20.73983 25.27289 31.87032 22.81271 23.775 -9999 -9999 -9999 -9999 -9999 -9999 -9999 -9999 -9999 -9999 -9999 -9999 -9999 -9999 -9999 -9999 -9999 -9999 -9999 -9999 -9999 -9999 -9999 -9999 -9999 -9999 -9999 -9999 -9999 -9999 -9999 -9999 -9999 -9999 -9999 -9999 -9999 -9999 -9999 -9999 -9999 -9999 -9999 -9999 -9999 -9999 -9999 -9999 -9999 -9999 -9999 
-9999 -9999 -9999 -9999 -9999 -9999 -9999 -9999 -9999 -9999 -9999 -9999 -9999 -9999 -9999 -9999 -9999 -9999 -9999 -9999 -9999 -9999 -9999 -9999 -9999 -9999 25.23545 14.58699 22.03079 21.09316 25.28166 24.37722 -9999 -9999 -9999 -9999 -9999 -9999 -9999 -9999 -9999 -9999 -9999 -9999 -9999 -9999 -9999 -9999 -9999 -9999 -9999 -9999 -9999 -9999 -9999 -9999 -9999 -9999 -9999 -9999 -9999 -9999 -9999 -9999 -9999 -9999 -9999 -9999 -9999 -9999 -9999 -9999 -9999 -9999 -9999 -9999 -9999 -9999 -9999 -9999 -9999 -9999 -9999 
-9999 -9999 -9999 -9999 -9999 -9999 -9999 -9999 -9999 -9999 -9999 -9999 -9999 -9999 -9999 -9999 -9999 -9999 -9999 -9999 -9999 -9999 -9999 -9999 -9999 -9999 -9999 -9999 -9999 23.73582 21.52812 -9999 -9999 -9999 -9999 -9999 -9999 -9999 -9999 -9999 -9999 -9999 -9999 -9999 -9999 -9999 -9999 -9999 -9999 -9999 -9999 -9999 -9999 -9999 -9999 -9999 -9999 -9999 -9999 -9999 -9999 -9999 -9999 -9999 -9999 -9999 -9999 -9999 -9999 -9999 -9999 -9999 -9999 -9999 -9999 -9999 -9999 -9999 -9999 -9999 -9999 -9999 -9999 
-9999 -9999 -9999 -9999 -9999 -9999 -9999 -9999 -9999 -9999 -9999 -9999 -9999 -9999 -9999 -9999 -9999 -9999 -9999 -9999 -9999 -9999 -9999 -9999 -9999 -9999 -9999 -9999 -9999 -9999 -9999 -9999 -9999 -9999 -9999 -9999 -9999 -9999 -9999 -9999 -9999 -9999 -9999 -9999 -9999 -9999 -9999 -9999 -9999 -9999 -9999 -9999 -9999 -9999 -9999 -9999 -9999 -9999 -9999 -9999 -9999 -9999 -9999 -9999 -9999 -9999 -9999 -9999 -9999 -9999 -9999 -9999 -9999 -9999 -9999 -9999 -9999 -9999 -9999 -9999 -9999 -9999 -9999 
