ncols         87
nrows         100
xllcorner     108.56185392851
yllcorner     27.750063881946
cellsize      0.00289434508
NODATA_value  -9999
-9999 -9999 -9999 -9999 -9999 -9999 -9999 -9999 -9999 -9999 -9999 -9999 -9999 -9999 -9999 -9999 -9999 -9999 -9999 -9999 -9999 -9999 -9999 -9999 -9999 -9999 -9999 -9999 -9999 -9999 -9999 -9999 -9999 -9999 -9999 -9999 -9999 -9999 -9999 -9999 -9999 -9999 -9999 -9999 -9999 -9999 -9999 -9999 -9999 -9999 -9999 -9999 -9999 -9999 -9999 -9999 -9999 -9999 -9999 -9999 -9999 -9999 -9999 -9999 -9999 -9999 -9999 -9999 -9999 -9999 -9999 -9999 -9999 -9999 -9999 -9999 -9999 -9999 -9999 -9999 -9999 -9999 -9999 -9999 -9999 -9999 -9999 
-9999 -9999 -9999 -9999 -9999 -9999 -9999 -9999 -9999 -9999 -9999 -9999 -9999 -9999 -9999 -9999 -9999 -9999 -9999 -9999 -9999 -9999 -9999 -9999 -9999 -9999 -9999 -9999 -9999 -9999 -9999 -9999 -9999 -9999 -9999 -9999 -9999 -9999 -9999 -9999 -9999 -9999 -9999 -9999 -9999 -9999 -9999 -9999 -9999 -9999 -9999 -9999 -9999 -9999 -9999 -9999 -9999 -9999 -9999 -9999 -9999 -9999 -9999 -9999 -9999 -9999 -9999 -9999 -9999 -9999 -9999 -9999 -9999 -9999 -9999 -9999 -9999 -9999 -9999 -9999 -9999 -9999 -9999 -9999 -9999 -9999 -9999 
-9999 -9999 -9999 -9999 -9999 -9999 -9999 -9999 -9999 -9999 -9999 -9999 -9999 -9999 -9999 -9999 -9999 -9999 -9999 -9999 -9999 -9999 -9999 -9999 -9999 -9999 -9999 -9999 -9999 -9999 -9999 -9999 -9999 -9999 -9999 -9999 -9999 -9999 -9999 -9999 -9999 -9999 -9999 -9999 -9999 -9999 -9999 -9999 -9999 -9999 -9999 -9999 -9999 0.2091727 0.1656887 -9999 -9999 -9999 -9999 -9999 -9999 -9999 -9999 -9999 -9999 -9999 -9999 -9999 -9999 -9999 -9999 -9999 -9999 -9999 -9999 -9999 -9999 -9999 -9999 -9999 -9999 -9999 -9999 -9999 -9999 -9999 -9999 
-9999 -9999 -9999 -9999 -9999 -9999 -9999 -9999 -9999 -9999 -9999 -9999 -9999 -9999 -9999 -9999 -9999 -9999 -9999 -9999 -9999 -9999 -9999 -9999 -9999 -9999 -9999 -9999 -9999 -9999 -9999 -9999 -9999 -9999 -9999 -9999 -9999 -9999 -9999 -9999 -9999 -9999 -9999 -9999 -9999 -9999 -9999 -9999 -9999 -9999 -9999 -9999 0.236402 0.2356719 0.2007941 -9999 -9999 -9999 -9999 -9999 -9999 -9999 -9999 -9999 -9999 -9999 -9999 -9999 -9999 -9999 -9999 -9999 -9999 -9999 -9999 -9999 -9999 -9999 -9999 -9999 -9999 -9999 -9999 -9999 -9999 -9999 -9999 
-9999 -9999 -9999 -9999 -9999 -9999 -9999 -9999 -9999 -9999 -9999 -9999 -9999 -9999 -9999 -9999 -9999 -9999 -9999 -9999 -9999 -9999 -9999 -9999 -9999 -9999 -9999 -9999 -9999 -9999 -9999 -9999 -9999 -9999 -9999 -9999 -9999 -9999 -9999 -9999 -9999 -9999 -9999 -9999 -9999 -9999 -9999 -9999 -9999 -9999 -9999 0.2630858 0.237847 0.2390587 0.2194207 -9999 -9999 -9999 -9999 -9999 -9999 -9999 -9999 -9999 -9999 -9999 -9999 -9999 -9999 -9999 -9999 -9999 -9999 -9999 -9999 -9999 -9999 -9999 -9999 -9999 -9999 -9999 -9999 -9999 -9999 -9999 -9999 
-9999 -9999 -9999 -9999 -9999 -9999 -9999 -9999 -9999 -9999 -9999 -9999 -9999 -9999 -9999 -9999 -9999 -9999 -9999 -9999 -9999 -9999 -9999 -9999 -9999 -9999 -9999 -9999 -9999 -9999 -9999 -9999 -9999 -9999 -9999 -9999 -9999 -9999 -9999 -9999 -9999 -9999 -9999 -9999 -9999 -9999 -9999 -9999 -9999 -9999 -9999 0.2868997 0.2595405 0.2488856 0.2356342 0.2469527 0.3137259 -9999 -9999 -9999 -9999 -9999 -9999 -9999 -9999 -9999 -9999 -9999 -9999 -9999 -9999 -9999 -9999 -9999 -9999 -9999 -9999 -9999 -9999 -9999 -9999 -9999 -9999 -9999 -9999 -9999 -9999 
-9999 -9999 -9999 -9999 -9999 -9999 -9999 -9999 -9999 -9999 -9999 -9999 -9999 -9999 -9999 -9999 -9999 -9999 -9999 -9999 -9999 -9999 -9999 -9999 -9999 -9999 -9999 -9999 -9999 -9999 -9999 -9999 -9999 -9999 -9999 -9999 -9999 -9999 -9999 -9999 -9999 -9999 -9999 -9999 -9999 -9999 -9999 -9999 -9999 -9999 -9999 0.3072607 0.2807681 0.2750927 0.2639547 0.3039737 0.4057557 -9999 -9999 -9999 -9999 0.6924207 0.6281488 0.598668 0.5961084 0.6209726 0.6314979 0.6081879 0.5419071 0.4687166 -9999 -9999 -9999 -9999 -9999 -9999 -9999 -9999 -9999 -9999 -9999 -9999 -9999 -9999 -9999 -9999 -9999 
-9999 -9999 -9999 -9999 -9999 -9999 -9999 -9999 -9999 -9999 -9999 -9999 -9999 -9999 -9999 -9999 -9999 -9999 -9999 -9999 -9999 -9999 -9999 -9999 -9999 -9999 -9999 -9999 -9999 -9999 -9999 -9999 -9999 -9999 -9999 -9999 -9999 -9999 -9999 -9999 -9999 -9999 -9999 -9999 -9999 -9999 -9999 -9999 -9999 -9999 -9999 0.3150387 0.3058521 0.2983716 0.3153082 0.3895696 0.4946548 0.6065775 0.7068992 0.7897404 0.7671375 0.7079104 0.6410591 0.5973684 0.5876884 0.6054435 0.6061665 0.5572726 0.4980487 0.4291866 0.3442171 0.2415976 0.1834644 -9999 -9999 -9999 -9999 -9999 -9999 -9999 -9999 -9999 -9999 -9999 -9999 -9999 -9999 
-9999 -9999 -9999 -9999 -9999 -9999 -9999 -9999 -9999 -9999 -9999 -9999 -9999 -9999 -9999 -9999 -9999 -9999 -9999 -9999 -9999 -9999 -9999 -9999 -9999 -9999 -9999 -9999 -9999 -9999 -9999 -9999 -9999 -9999 -9999 -9999 -9999 -9999 -9999 -9999 -9999 -9999 -9999 -9999 -9999 -9999 -9999 -9999 -9999 -9999 -9999 0.343356 0.3637572 0.3633058 0.3993163 0.4724458 0.5683358 0.6850512 0.7684683 0.8057435 0.7658196 0.690547 0.6193737 0.5760567 0.5623896 0.5736169 0.5817221 0.5372519 0.4926618 0.4352108 0.3376653 0.2358968 0.186825 0.1812869 -9999 -9999 -9999 -9999 -9999 -9999 -9999 -9999 -9999 -9999 -9999 -9999 -9999 
-9999 -9999 -9999 -9999 -9999 -9999 -9999 -9999 -9999 -9999 -9999 -9999 -9999 -9999 -9999 -9999 -9999 -9999 -9999 -9999 -9999 -9999 -9999 -9999 -9999 -9999 -9999 -9999 -9999 -9999 -9999 -9999 -9999 -9999 -9999 -9999 -9999 -9999 -9999 -9999 -9999 -9999 -9999 -9999 -9999 -9999 -9999 -9999 -9999 -9999 -9999 -9999 0.4630448 0.4745888 0.5213706 0.5787466 0.6591716 0.7510685 0.8044601 0.8147013 0.7636766 0.6703797 0.5924981 0.5378647 0.5172922 0.5235897 0.5390479 0.5099123 0.480376 0.4277335 0.3414544 0.2418462 0.2096283 0.2040401 0.2114774 0.2161211 -9999 -9999 -9999 -9999 -9999 -9999 -9999 -9999 -9999 -9999 -9999 
-9999 -9999 -9999 -9999 -9999 -9999 -9999 -9999 -9999 -9999 -9999 -9999 -9999 -9999 -9999 -9999 -9999 -9999 -9999 -9999 -9999 -9999 -9999 -9999 -9999 -9999 -9999 -9999 -9999 -9999 -9999 -9999 -9999 -9999 -9999 -9999 -9999 -9999 -9999 -9999 -9999 -9999 -9999 -9999 -9999 -9999 -9999 -9999 -9999 -9999 -9999 -9999 0.5981941 0.600383 0.6274769 0.6845098 0.7379501 0.7862004 0.8160477 0.8016922 0.7290302 0.6317381 0.546519 0.4868316 0.460218 0.4720649 0.4889809 0.4851081 0.4699487 0.4340779 0.3772003 0.3059389 0.2629031 0.2488568 0.2410719 0.2397042 0.2406778 -9999 -9999 -9999 -9999 -9999 -9999 -9999 -9999 -9999 -9999 
-9999 -9999 -9999 -9999 -9999 -9999 -9999 -9999 -9999 -9999 -9999 -9999 -9999 -9999 -9999 -9999 -9999 -9999 -9999 -9999 -9999 -9999 -9999 -9999 -9999 -9999 -9999 -9999 -9999 -9999 -9999 -9999 -9999 -9999 -9999 -9999 -9999 -9999 -9999 -9999 -9999 -9999 -9999 -9999 -9999 -9999 -9999 -9999 -9999 -9999 -9999 -9999 0.6955442 0.6967216 0.7060145 0.7528158 0.7823384 0.8023418 0.789039 0.7457805 0.6679217 0.5751449 0.4930986 0.4386099 0.4115739 0.4235562 0.4478399 0.4608118 0.4709831 0.4644172 0.4417474 0.4025476 0.3532956 0.299251 0.2754127 0.2627144 0.2586002 -9999 -9999 -9999 -9999 -9999 -9999 -9999 -9999 -9999 -9999 
-9999 -9999 -9999 -9999 -9999 -9999 -9999 -9999 -9999 -9999 -9999 -9999 -9999 -9999 -9999 -9999 -9999 -9999 -9999 -9999 -9999 -9999 -9999 -9999 -9999 -9999 -9999 -9999 -9999 -9999 -9999 -9999 -9999 -9999 -9999 -9999 -9999 -9999 -9999 -9999 -9999 -9999 -9999 -9999 -9999 -9999 0.1428252 0.2732047 0.3982495 -9999 0.6280774 0.7097186 0.7391925 0.7463892 0.7620655 0.7809569 0.7904078 0.7814525 0.7371875 0.6790786 0.5960848 0.5165352 0.4548995 0.4175005 0.3983383 0.4095276 0.4467934 0.4709386 0.4927678 0.5093619 0.5183264 0.5035719 0.4650407 0.3920729 0.331984 0.3039623 0.2906705 -9999 -9999 -9999 -9999 -9999 -9999 -9999 -9999 -9999 -9999 
-9999 -9999 -9999 -9999 -9999 -9999 -9999 -9999 -9999 -9999 -9999 -9999 -9999 -9999 -9999 -9999 -9999 -9999 -9999 -9999 -9999 -9999 -9999 -9999 -9999 -9999 -9999 -9999 -9999 -9999 -9999 -9999 -9999 -9999 -9999 -9999 -9999 -9999 -9999 -9999 -9999 -9999 -9999 0.01944712 0.03931 0.09327973 0.155008 0.239145 0.3505423 0.4741162 0.5876558 0.6790096 0.7223681 0.7429298 0.7497338 0.7558646 0.7508834 0.7299333 0.6773987 0.6068369 0.5254157 0.4699244 0.4352908 0.4269554 0.4322518 0.4439071 0.469189 0.4998526 0.5384675 0.560948 0.5894792 0.5937532 0.5622209 0.4864544 0.4128665 0.3566931 0.3190772 -9999 -9999 -9999 -9999 -9999 -9999 -9999 -9999 -9999 -9999 
-9999 -9999 -9999 -9999 -9999 -9999 -9999 -9999 -9999 -9999 -9999 -9999 -9999 -9999 -9999 -9999 -9999 -9999 -9999 -9999 -9999 -9999 -9999 -9999 -9999 -9999 -9999 -9999 -9999 -9999 -9999 -9999 -9999 -9999 -9999 -9999 -9999 -9999 -9999 -9999 -9999 -9999 -9999 0.01794057 0.03770622 0.08297698 0.1406879 0.2088334 0.3223235 0.4307486 0.5242323 0.6036952 0.6687393 0.6878284 0.6963778 0.6924923 0.6726351 0.6451949 0.6017432 0.5421245 0.4761553 0.4440381 0.4353196 0.4472385 0.4758585 0.4953146 0.5128866 0.5392535 0.5796513 0.6158039 0.6552548 0.6723518 0.6332538 0.5493108 0.4601172 0.4094163 0.3764448 0.3729904 -9999 -9999 -9999 -9999 -9999 -9999 -9999 -9999 -9999 
-9999 -9999 -9999 -9999 -9999 -9999 -9999 -9999 -9999 -9999 -9999 -9999 -9999 -9999 -9999 -9999 -9999 -9999 -9999 -9999 -9999 -9999 -9999 -9999 -9999 -9999 -9999 -9999 -9999 -9999 -9999 -9999 -9999 -9999 -9999 -9999 -9999 -9999 -9999 -9999 -9999 -9999 0.0116298 0.01488775 0.03343898 0.0698634 0.1174977 0.1816318 0.2875281 0.3746707 0.4552552 0.5199493 0.5687097 0.5884336 0.6025638 0.6104669 0.5899156 0.5651398 0.5244713 0.4727084 0.426269 0.425954 0.450487 0.4936401 0.5384253 0.5668746 0.570946 0.5836028 0.6092208 0.6577717 0.704635 0.7215906 0.6871215 0.6045775 0.5180082 0.4538712 0.4261071 -9999 -9999 -9999 -9999 -9999 -9999 -9999 -9999 -9999 -9999 
-9999 -9999 -9999 -9999 -9999 -9999 -9999 -9999 -9999 -9999 -9999 -9999 -9999 -9999 -9999 -9999 -9999 -9999 -9999 -9999 -9999 -9999 -9999 -9999 -9999 -9999 -9999 -9999 -9999 -9999 -9999 -9999 -9999 -9999 -9999 -9999 -9999 -9999 -9999 -9999 -9999 -9999 0.01136632 0.01314582 0.02576941 0.05868143 0.09738367 0.1540828 0.2435086 0.3185128 0.3736644 0.4225655 0.4711472 0.4920847 0.5124925 0.5326104 0.5180185 0.4967435 0.4628752 0.4183823 0.3847545 0.4122263 0.4722162 0.5515057 0.620263 0.6523291 0.6368187 0.6251314 0.6282498 0.6599766 0.7134066 0.7494155 0.7279092 0.6672928 0.5789632 0.5065882 0.4656645 0.4656605 0.4779374 -9999 -9999 -9999 -9999 -9999 -9999 -9999 -9999 
-9999 -9999 -9999 -9999 -9999 -9999 -9999 -9999 -9999 -9999 -9999 -9999 -9999 -9999 -9999 -9999 -9999 -9999 -9999 -9999 -9999 -9999 -9999 -9999 -9999 -9999 -9999 -9999 -9999 -9999 0.02323343 0.0201327 0.01665232 0.01382958 0.00941357 0.00628228 -9999 -9999 -9999 -9999 0.01731827 0.01631206 0.01482255 0.01414735 0.02090758 0.04756118 0.07595202 0.1216257 0.1885939 0.2519924 0.2970403 0.3409365 0.3856151 0.4091913 0.4310544 0.4541852 0.453315 0.4404764 0.4110703 0.3709341 0.3531597 0.4036373 0.4940283 0.5954156 0.6880012 0.7207102 0.6875755 0.6523812 0.6429973 0.6590155 0.7097875 0.7599842 0.7579836 0.7034705 0.6115931 0.5330518 0.490612 0.4837506 0.5189562 -9999 -9999 -9999 -9999 -9999 -9999 -9999 -9999 
-9999 -9999 -9999 -9999 -9999 -9999 -9999 -9999 -9999 -9999 -9999 -9999 -9999 -9999 -9999 -9999 -9999 -9999 -9999 -9999 -9999 -9999 -9999 -9999 -9999 -9999 -9999 -9999 -9999 0.02611186 0.02331448 0.01999409 0.01744672 0.01384066 0.009906385 0.007784604 0.008211859 0.01100003 0.01826805 0.02207239 0.02305073 0.02281078 0.02161518 0.02058278 0.02344047 0.03801315 0.05531427 0.08914117 0.1390823 0.1892405 0.2312911 0.2726614 0.3176551 0.3419273 0.3671101 0.3905523 0.3961806 0.3901721 0.3668278 0.3382414 0.3351924 0.4007977 0.5060002 0.6165122 0.7183377 0.7567438 0.7151058 0.6584418 0.642512 0.6551911 0.702215 0.7568991 0.7614109 0.7109585 0.6152475 0.5298193 0.5010652 0.5033132 0.5233549 0.5556184 -9999 -9999 -9999 -9999 -9999 -9999 -9999 
-9999 -9999 -9999 -9999 -9999 -9999 -9999 -9999 -9999 -9999 -9999 -9999 -9999 -9999 -9999 -9999 -9999 -9999 -9999 -9999 -9999 -9999 -9999 -9999 -9999 -9999 -9999 -9999 0.02903285 0.02639298 0.02410197 0.02162811 0.01958004 0.01731719 0.01555065 0.01526671 0.0187435 0.0242843 0.02837735 0.02885107 0.02966278 0.02939584 0.02728104 0.02592765 0.02703441 0.03399613 0.04400527 0.06535836 0.1026772 0.1419937 0.1826473 0.2201576 0.2633797 0.2888803 0.3136655 0.3376804 0.3472119 0.3471594 0.3298655 0.3129515 0.3340757 0.416063 0.5222301 0.6359693 0.7412555 0.7713559 0.7165047 0.6488736 0.6322631 0.647257 0.6983565 0.7560717 0.7530377 0.7034481 0.6196144 0.5424543 0.4979284 0.5089529 -9999 -9999 -9999 -9999 -9999 -9999 -9999 -9999 -9999 
-9999 -9999 -9999 -9999 -9999 -9999 -9999 -9999 -9999 -9999 -9999 -9999 -9999 -9999 -9999 -9999 -9999 -9999 -9999 -9999 -9999 -9999 -9999 -9999 -9999 -9999 0.04461345 0.03876246 0.03294135 0.02894266 0.0261393 0.02448524 0.02370244 0.02384312 0.02508118 0.02786285 0.0332703 0.03729332 0.03769025 0.03684682 0.03377999 0.03269819 0.03205599 0.03058467 0.02921302 0.03188588 0.03741373 0.05148954 0.08126873 0.1111445 0.1468074 0.181217 0.2189297 0.2456176 0.2700391 0.294269 0.3063547 0.3087254 0.2961447 0.3003866 0.3427607 0.4433017 0.5488275 0.6652464 0.7615751 0.7679917 0.6910297 0.6226241 0.6058792 0.6296998 0.6776154 0.7249667 0.7202426 0.6817185 0.6016814 0.5466121 0.5024583 0.4941651 -9999 -9999 -9999 -9999 -9999 -9999 -9999 -9999 -9999 
-9999 -9999 -9999 -9999 -9999 -9999 -9999 -9999 -9999 -9999 -9999 -9999 -9999 -9999 -9999 -9999 -9999 -9999 -9999 0.003797664 0.005043115 0.008891594 0.01570534 0.02606506 0.0364366 0.04313444 0.04803484 0.04954499 0.04310626 0.03611638 0.03268579 0.03168188 0.03176878 0.03356648 0.03739747 0.0438538 0.04641492 0.04539392 0.04368252 0.04119149 0.03837157 0.03706996 0.03479904 0.03102657 0.02853378 0.02910106 0.03219492 0.04109497 0.06392167 0.08750538 0.1184454 0.1488571 0.1834577 0.2079455 0.2329482 0.2570139 0.2720112 0.2745593 0.2705995 0.2947891 0.3645287 0.4771397 0.5835379 0.6969014 0.7724525 0.7509831 0.6616352 0.5909909 0.570687 0.597043 0.6351507 0.6817768 0.6732387 0.6294696 0.56279 0.5158482 0.4740649 -9999 -9999 -9999 -9999 -9999 -9999 -9999 -9999 -9999 -9999 
-9999 -9999 -9999 -9999 -9999 -9999 -9999 -9999 -9999 -9999 -9999 -9999 -9999 -9999 -9999 -9999 -9999 -9999 -9999 0.003522117 0.004499938 0.00746495 0.01422254 0.02410935 0.03589937 0.04574407 0.05338311 0.06282312 0.06008958 0.05539529 0.05028112 0.0488105 0.05015374 0.05465527 0.06033199 0.06247464 0.05917108 0.05415548 0.05067895 0.04631469 0.04135525 0.03593475 0.03158963 0.02827792 0.02612468 0.02530302 0.02628304 0.03173651 0.04906248 0.070388 0.09942041 0.1270078 0.1581935 0.1804022 0.2019871 0.2260292 0.2423249 0.251153 0.2631697 0.3100933 0.4016435 0.5176693 0.627067 0.7362947 0.7868007 0.7432004 0.6499785 0.5757365 0.5453274 0.5643229 0.5943365 0.6383609 0.6436304 0.59483 0.5175201 0.472228 0.4426427 -9999 -9999 -9999 -9999 -9999 -9999 -9999 -9999 -9999 -9999 
-9999 -9999 -9999 -9999 -9999 -9999 -9999 -9999 -9999 -9999 -9999 -9999 -9999 -9999 -9999 -9999 -9999 -9999 0.002800423 0.003185158 0.003978493 0.006274097 0.01244623 0.02173631 0.0327402 0.0491602 0.0623667 0.07485044 0.08286599 0.08685739 0.0823558 0.07999474 0.08099708 0.08810019 0.09902979 0.09219576 0.0793639 0.06688455 0.05526165 0.04345875 0.03593934 0.02796733 0.02387509 0.02159466 0.02029397 0.01953581 0.01963012 0.02326448 0.03910383 0.06082183 0.09139935 0.118255 0.1458839 0.1654501 0.1841669 0.2060249 0.2308954 0.2562282 0.2882918 0.3557609 0.4601159 0.5725478 0.6816684 0.7774961 0.808912 0.7484253 0.656037 0.5775518 0.5344937 0.5454814 0.5830288 0.6356427 0.653735 0.6027908 0.5101927 0.4684512 0.4520364 -9999 -9999 -9999 -9999 -9999 -9999 -9999 -9999 -9999 -9999 
-9999 -9999 -9999 -9999 -9999 -9999 -9999 -9999 -9999 -9999 -9999 -9999 -9999 -9999 -9999 -9999 -9999 -9999 0.002470789 0.002877285 0.003477976 0.004905933 0.008833847 0.01737077 0.03088643 0.0483823 0.06269737 0.0774352 0.0916421 0.1027167 0.1064162 0.1081317 0.1241772 0.1445948 0.1537219 0.1419709 0.112001 0.07893027 0.05561352 0.03815335 0.02617064 0.01917239 0.0164015 0.01514509 0.01471058 0.01464911 0.01551612 0.01971758 0.03789161 0.06338058 0.09937315 0.1260893 0.1512817 0.1684447 0.184955 0.2101154 0.2464755 0.2902516 0.3421266 0.4234859 0.5277357 0.6324281 0.7403555 0.8265903 0.8390108 0.7644382 0.6644706 0.5867277 0.5554888 0.5645215 0.598843 0.6496957 0.6624125 0.6132576 0.5369831 0.4927003 0.4767841 0.4767829 -9999 -9999 -9999 -9999 -9999 -9999 -9999 -9999 -9999 
-9999 -9999 -9999 -9999 -9999 -9999 -9999 -9999 -9999 -9999 -9999 -9999 -9999 -9999 -9999 -9999 -9999 0.002013451 0.002386503 0.002690551 0.00298243 0.00390658 0.006050054 0.01157403 0.02703027 0.04744616 0.06490085 0.07899574 0.09838597 0.1133849 0.12845 0.1536482 0.2026709 0.2376901 0.2419899 0.2208031 0.173815 0.1119402 0.05898259 0.03012301 0.01861686 0.01401417 0.01192215 0.01137176 0.01195769 0.01334407 0.01623583 0.02392944 0.05016352 0.08496752 0.1282779 0.1555604 0.179172 0.1914389 0.2040845 0.2323585 0.2732473 0.3247595 0.3831392 0.4720033 0.577168 0.6832249 0.7869344 0.8623065 0.8525239 0.759849 0.6529468 0.5870747 0.5723546 0.5934091 0.6336284 0.6811843 0.6810095 0.6372456 0.5818722 0.5480522 0.5274081 0.5221388 0.5232146 -9999 -9999 -9999 -9999 -9999 -9999 -9999 -9999 
-9999 -9999 -9999 -9999 -9999 -9999 -9999 -9999 -9999 -9999 -9999 -9999 -9999 -9999 0.001596367 0.001778671 0.001977576 0.002147347 0.002354592 0.002546768 0.002781458 0.003179052 0.003982872 0.006026007 0.0141558 0.03534719 0.05718023 0.07823768 0.1018704 0.1212217 0.1476787 0.2058505 0.2805527 0.3295908 0.3334273 0.2989875 0.2378556 0.1554842 0.07249936 0.02943821 0.01699161 0.0119083 0.01006652 0.01017397 0.01211367 0.01573712 0.02208493 0.03652297 0.07740055 0.1253514 0.1778942 0.2072035 0.2286811 0.2355834 0.2410335 0.2593949 0.2948861 0.3435062 0.407191 0.5027729 0.6067182 0.7068325 0.7897102 0.8350373 0.8058895 0.7077079 0.6030774 0.5459661 0.5451158 0.5872176 0.6484541 0.7009475 0.704545 0.6823128 0.6408506 0.6106858 0.582034 0.5617194 0.5481007 -9999 -9999 -9999 -9999 -9999 -9999 -9999 -9999 
-9999 -9999 -9999 -9999 -9999 -9999 -9999 -9999 -9999 -9999 -9999 -9999 -9999 0.001550382 0.001724275 0.001881864 0.002060293 0.002294127 0.002443571 0.00259078 0.002740802 0.002827561 0.003006918 0.003762739 0.008522537 0.02430221 0.04490336 0.069301 0.09274968 0.1203737 0.1695909 0.2501451 0.3438102 0.3933549 0.394682 0.3553381 0.2961636 0.1979156 0.09885003 0.03896645 0.01812672 0.01211091 0.01021275 0.01108666 0.01452696 0.02134562 0.03375239 0.05937749 0.1172195 0.1793733 0.2383262 0.2755318 0.2972196 0.2922076 0.2852178 0.2921607 0.3214349 0.3696643 0.432236 0.516992 0.6064314 0.6824766 0.7239647 0.7284527 0.6893603 0.6063998 0.5223053 0.4784892 0.4830032 0.5320681 0.6100012 0.6857224 0.7012195 0.6992637 0.6700549 0.6359757 0.6054258 0.5898657 0.5740623 0.555616 -9999 -9999 -9999 -9999 -9999 -9999 -9999 
-9999 -9999 -9999 -9999 -9999 -9999 -9999 -9999 -9999 -9999 -9999 -9999 0.001480448 0.001585455 0.001730042 0.001925568 0.002148144 0.002301653 0.002511023 0.002725186 0.002810194 0.00277295 0.002704376 0.00295109 0.005995148 0.0147713 0.02637194 0.0478921 0.06970694 0.1037396 0.1597015 0.2456459 0.3457641 0.4089596 0.4203059 0.3872807 0.3166755 0.2019494 0.09925589 0.0422047 0.02115198 0.01383778 0.01135833 0.01237872 0.01730464 0.02713156 0.04492231 0.07973085 0.1514335 0.2253542 0.2830291 0.3295255 0.3595232 0.3520389 0.3392246 0.338881 0.3599361 0.4008537 0.4536494 0.5173139 0.5767827 0.6119809 0.6107438 0.5881665 0.5450408 0.4768534 0.4155486 0.3799174 0.3885217 0.451312 0.5417283 0.617479 0.6437898 0.6502829 0.6349858 0.602855 0.575157 0.5745885 0.5763862 0.5831097 -9999 -9999 -9999 -9999 -9999 -9999 -9999 
-9999 -9999 -9999 -9999 -9999 -9999 -9999 -9999 -9999 -9999 -9999 -9999 0.001540299 0.001680588 0.001769455 0.001946013 0.002166594 0.002412559 0.002654473 0.002818948 0.002804099 0.002739366 0.002620124 0.002729311 0.005044804 0.01248449 0.02069815 0.03207849 0.05041095 0.08197418 0.1399768 0.2282072 0.3228375 0.387123 0.4064105 0.3729354 0.2963605 0.1894604 0.09317424 0.04179012 0.02288443 0.01496467 0.01238922 0.01355235 0.01925134 0.03168526 0.05295115 0.09286387 0.1635022 0.2351516 0.2923239 0.3443606 0.3806859 0.3812771 0.3706386 0.3771534 0.3951666 0.4254053 0.4580709 0.4952542 0.5160035 0.5140519 0.4874992 0.4517632 0.3978624 0.3288725 0.2772169 0.2523575 0.2749225 0.3538336 0.4438335 0.5107801 0.5481791 0.5619518 0.5490032 0.5175555 0.4891962 0.4969698 0.5150653 0.5415273 -9999 -9999 -9999 -9999 -9999 -9999 -9999 
-9999 -9999 -9999 -9999 -9999 0.001170139 0.001225358 0.001302408 0.001359494 0.001449503 0.001525059 0.001606699 0.00168368 0.001711456 0.0018036 0.001957479 0.002161883 0.002386592 0.002585993 0.002687707 0.002664489 0.00259314 0.002489168 0.002560241 0.004524195 0.01062955 0.01807487 0.0265717 0.03737308 0.05971205 0.1104713 0.1819998 0.2596132 0.3199671 0.3406598 0.3121013 0.238175 0.1479309 0.07392614 0.03475745 0.02042676 0.01436706 0.01235987 0.01324889 0.01852045 0.03048898 0.05210677 0.09252337 0.1577981 0.2222873 0.2752659 0.3236138 0.3606371 0.3777857 0.3829387 0.3994956 0.4259162 0.4541862 0.4718292 0.4826764 0.4665717 0.4297996 0.3776709 0.3241829 0.2527761 0.1893781 0.1491515 0.1430003 0.1836576 0.2646644 0.3435098 0.3911282 0.4217404 0.4460447 0.4439223 0.4162032 0.3905204 0.4056396 0.4238465 -9999 -9999 -9999 -9999 -9999 -9999 -9999 -9999 
-9999 -9999 -9999 -9999 -9999 0.001029918 0.0010975 0.00120657 0.001356367 0.00153254 0.00168337 0.001776051 0.001799088 0.00180434 0.001844008 0.001878947 0.002024642 0.002201675 0.002373273 0.002455742 0.002399778 0.00239157 0.002376587 0.002476303 0.004566881 0.009989008 0.01668262 0.02363019 0.03008778 0.04197589 0.07435179 0.1239374 0.188934 0.2327589 0.2466279 0.2248015 0.1691433 0.100561 0.05203272 0.02770767 0.01829377 0.01399718 0.01230455 0.01263817 0.01649317 0.02596479 0.0443703 0.07207255 0.1255316 0.1801825 0.2393395 0.2846249 0.3208509 0.3408051 0.369086 0.4069167 0.4540469 0.4908012 0.503832 0.4842994 0.4368759 0.365638 0.2953247 0.2250321 0.1507411 0.09605881 0.07578821 0.08954012 0.1338325 0.1960868 0.2531544 0.2835747 0.2952773 0.3030588 0.3018023 0.2915321 0.2929688 0.302244 0.3087882 -9999 -9999 -9999 -9999 -9999 -9999 -9999 -9999 
-9999 -9999 -9999 -9999 0.0008625143 0.0009276732 0.001033857 0.001189481 0.001374399 0.001590149 0.001815343 0.001923972 0.001902049 0.00186621 0.001857749 0.001834315 0.00189266 0.002035033 0.002233056 0.002340873 0.002367653 0.002419211 0.002460007 0.002956664 0.006000001 0.01136776 0.01688822 0.02216418 0.0277418 0.03415817 0.05084728 0.08032453 0.1217655 0.1471398 0.1573272 0.1395303 0.1033255 0.06117797 0.03473317 0.02230811 0.01723938 0.01407234 0.0121973 0.0115723 0.01346935 0.0193219 0.03161284 0.05074796 0.08630218 0.1240576 0.1709171 0.2067583 0.2480877 0.2921458 0.3529697 0.4132657 0.4796663 0.5238666 0.5388535 0.4994359 0.4225796 0.3324685 0.2522784 0.1702897 0.09913468 0.05995513 0.05576196 0.07378291 0.1063527 0.1479885 0.1835568 0.20335 0.2066197 0.1977441 0.1900861 0.182836 0.1862131 0.1840776 0.1878982 -9999 -9999 -9999 -9999 -9999 -9999 -9999 -9999 
-9999 -9999 -9999 0.0006397777 0.0007204958 0.000818301 0.000940605 0.001144451 0.001369806 0.001625163 0.001874828 0.002003287 0.001962204 0.001893825 0.001829091 0.001783435 0.001804558 0.002023661 0.002285727 0.002458967 0.002551818 0.002660985 0.002945847 0.004439566 0.008473597 0.01393005 0.01883657 0.0233366 0.02777139 0.03211232 0.04078662 0.0560413 0.07646181 0.08864868 0.09499481 0.08300585 0.06307825 0.04241651 0.02959871 0.02237926 0.0181407 0.01478739 0.01228505 0.01056255 0.01088416 0.01373891 0.02032812 0.03127659 0.04760303 0.06674902 0.09826722 0.1228311 0.158728 0.2220616 0.3148066 0.4057269 0.4873493 0.5410441 0.5477781 0.4935839 0.4020551 0.3083778 0.219947 0.1357526 0.07665266 0.0485415 0.04760215 0.05824488 0.07713383 0.1047338 0.1306361 0.1477796 0.1476912 0.1315432 0.1102244 0.09711967 0.0962041 0.09400804 0.09230657 0.0623667 -9999 -9999 -9999 -9999 -9999 -9999 -9999 
-9999 -9999 -9999 0.0005465972 0.0005987746 0.0007075389 0.0008483798 0.001050788 0.001300707 0.00157512 0.001845399 0.001986791 0.001950407 0.001844069 0.00176996 0.001764877 0.001849148 0.002070473 0.002406902 0.002680119 0.002841925 0.003031929 0.003765299 0.0064114 0.01120579 0.01676779 0.02126876 0.02562248 0.02924354 0.03213673 0.03645763 0.04438275 0.05417066 0.06032843 0.06267156 0.05661453 0.0471435 0.03726359 0.02944752 0.0235491 0.01907679 0.01523285 0.01197421 0.009424433 0.008575178 0.009522177 0.01249939 0.01774979 0.02560157 0.03610263 0.05083084 0.06936491 0.09946975 0.1667833 0.2750046 0.3814727 0.4688213 0.5232323 0.5239932 0.4629023 0.3690553 0.2767682 0.188924 0.1148877 0.06574062 0.04400776 0.04091173 0.04404907 0.05576295 0.07384762 0.09104474 0.1023983 0.1016101 0.08856574 0.0729828 0.06018283 0.05468337 0.05091954 0.04702403 0.03733141 -9999 -9999 -9999 -9999 -9999 -9999 -9999 
-9999 -9999 0.0004183624 0.0004439901 0.0004982867 0.0005637527 0.000713428 0.0009256145 0.00116638 0.001417542 0.001673588 0.0018042 0.00181178 0.001741882 0.001660499 0.00164943 0.00184027 0.002183198 0.002570746 0.002869411 0.003079491 0.003495877 0.004841871 0.008205174 0.01371703 0.01902826 0.0237548 0.02814052 0.03073784 0.03146355 0.03362792 0.03814638 0.04399829 0.04787174 0.04873861 0.04536157 0.04045533 0.03454512 0.02933165 0.02431628 0.01957439 0.01515295 0.01131356 0.008133954 0.006550851 0.006530839 0.007795107 0.01016671 0.01424999 0.02067084 0.03068314 0.0466857 0.07332124 0.132407 0.2398871 0.3508818 0.4290456 0.4717339 0.4740664 0.4163472 0.3269547 0.2404654 0.1625965 0.1011303 0.06243188 0.04356132 0.0373196 0.03360184 0.03532558 0.04218471 0.05145473 0.05991999 0.06094522 0.05516746 0.05021157 0.04618972 0.0417636 0.0376922 0.03457068 -9999 -9999 -9999 -9999 -9999 -9999 -9999 -9999 
-9999 -9999 0.0003183534 0.000359825 0.0003919439 0.0004636357 0.0005886912 0.000785806 0.00100187 0.001239746 0.001439671 0.001549029 0.001564315 0.001507898 0.001493172 0.001578271 0.001784631 0.00218927 0.002625565 0.002972455 0.003171409 0.003724037 0.005481676 0.009465724 0.01561591 0.02096803 0.02514139 0.02886095 0.0307745 0.02997351 0.03034048 0.03195661 0.03625104 0.03920726 0.04007308 0.03810865 0.03605627 0.03314349 0.0293315 0.02429304 0.01924041 0.01428854 0.01008047 0.006573918 0.004769072 0.00430455 0.004930038 0.006430807 0.00932388 0.01401122 0.02209981 0.03633375 0.06101395 0.1141347 0.2108181 0.3043947 0.3678034 0.4023842 0.4108143 0.3622483 0.2848753 0.2061919 0.1450481 0.09958067 0.0665919 0.04392414 0.0333071 0.02350651 0.01792623 0.01973374 0.02499617 0.02906198 0.03300254 0.03570915 0.03649696 0.03617985 0.0347499 0.03285667 0.0303468 0.02950577 -9999 -9999 -9999 -9999 -9999 -9999 -9999 
-9999 -9999 -9999 0.0002886655 0.0003134851 0.0003831318 0.0004862103 0.0006500573 0.0008423284 0.001029699 0.00116095 0.001254243 0.001292468 0.0012471 0.001264918 0.001445288 0.001738545 0.002154887 0.002584463 0.002890576 0.003046237 0.003587821 0.005582225 0.01025093 0.01645052 0.02113427 0.02529922 0.02796379 0.02855207 0.02770928 0.02721502 0.02689015 0.02894994 0.03241909 0.03499862 0.03705704 0.03946983 0.03921615 0.03335803 0.0264208 0.01946216 0.01350496 0.008722544 0.005129188 0.003320756 0.002811274 0.003201781 0.004519613 0.007080035 0.01159449 0.01903973 0.03212877 0.05442443 0.09932166 0.1768789 0.2468774 0.2936755 0.3234463 0.3331507 0.2978199 0.236478 0.1734128 0.1332178 0.1053546 0.07288507 0.04718996 0.03275372 0.01947977 0.01298239 0.01336801 0.01587908 0.01935987 0.02345155 0.02733869 0.02966621 0.03046334 0.02988578 0.02868095 0.02736433 0.0276742 0.02820528 -9999 -9999 -9999 -9999 -9999 -9999 
-9999 -9999 0.0002154469 0.0002301194 0.0002574525 0.000309403 0.0004022118 0.0005354772 0.0006779547 0.0008266467 0.0009521766 0.001039209 0.001064881 0.001081497 0.001146702 0.001303171 0.001571832 0.001987015 0.002397125 0.002718714 0.002881033 0.003325496 0.005362291 0.01021769 0.01626244 0.02057657 0.02412567 0.02586794 0.026113 0.02552243 0.02517224 0.02512773 0.02717977 0.03369806 0.04085311 0.05069121 0.05580779 0.05562994 0.04722716 0.03500514 0.02227918 0.01374448 0.008086027 0.004147519 0.002420075 0.001924191 0.002272518 0.003512274 0.006022158 0.0106859 0.01821888 0.03055943 0.04886546 0.08097766 0.1352638 0.1853833 0.2224603 0.2430719 0.2484268 0.2208452 0.1756916 0.1391498 0.1216361 0.1029721 0.07492696 0.05090045 0.0336243 0.02120936 0.01545908 0.01611414 0.0181694 0.02014635 0.02288556 0.0255993 0.02796716 0.02893464 0.02909925 0.02855599 0.02761764 0.02839274 0.0309734 0.03295841 -9999 -9999 -9999 -9999 -9999 
-9999 -9999 0.0001852962 0.0001945662 0.0002186048 0.0002607379 0.0003328471 0.0004351447 0.0005526698 0.0006745764 0.0007834428 0.0008622513 0.0009073539 0.0009427879 0.001065663 0.001224092 0.001461459 0.001750565 0.002134731 0.002476274 0.002771279 0.003378215 0.006171609 0.0106374 0.01594936 0.01990821 0.02355565 0.02450472 0.02434788 0.02401892 0.02514605 0.02883747 0.03375097 0.04681775 0.06106013 0.07694729 0.07818284 0.07442688 0.06441587 0.04660862 0.02753534 0.01563391 0.008414778 0.003943396 0.00201442 0.001564101 0.001962659 0.003233487 0.005851455 0.01055804 0.01763994 0.02798849 0.0405423 0.06057624 0.09767606 0.1330635 0.1621338 0.1741554 0.1731826 0.1545544 0.1320713 0.1193604 0.109721 0.09452333 0.07058308 0.04947073 0.0337044 0.02333269 0.01886284 0.01981838 0.02213222 0.02345931 0.02432834 0.02534591 0.02720055 0.02841354 0.02889554 0.02961725 0.0308531 0.03190275 0.03442954 0.03763833 -9999 -9999 -9999 -9999 -9999 
-9999 0.0001705387 0.0001733632 0.0001797254 0.0001980363 0.0002347446 0.0002970733 0.0003837502 0.0004808218 0.0005849176 0.0006754303 0.0007534804 0.0008163679 0.000875151 0.0009912091 0.001181291 0.00140893 0.001685609 0.002124689 0.002607084 0.003120402 0.004394951 0.007459513 0.01180956 0.01583389 0.01964097 0.02245712 0.02285553 0.02256441 0.02346294 0.02704006 0.03685133 0.04756772 0.06674995 0.08744567 0.1000907 0.09669671 0.09048984 0.07695179 0.05623364 0.03429478 0.01861581 0.009574339 0.00433938 0.002105216 0.001601591 0.002065139 0.003500469 0.006250251 0.01085308 0.01690244 0.02421779 0.03288218 0.04455357 0.06610132 0.08562094 0.1066802 0.1117551 0.1098927 0.1037147 0.10358 0.1008691 0.09298623 0.07650743 0.05835622 0.041293 0.03120394 0.0224083 0.02094753 0.02330477 0.02584429 0.02787243 0.02868932 0.02833954 0.02809083 0.02880141 0.02970363 0.0319359 0.03494884 0.03757117 0.03936685 0.04284603 0.04811417 -9999 -9999 -9999 -9999 
-9999 0.0001727471 0.0001740046 0.0001765419 0.0001897284 0.0002189853 0.0002684813 0.0003434645 0.000432298 0.0005249156 0.0006128256 0.0006913508 0.0007626893 0.0008449712 0.0009337735 0.001095387 0.001373394 0.001820964 0.002536727 0.003372496 0.004404512 0.00643154 0.009584163 0.01332308 0.0160571 0.01903365 0.02124186 0.02153584 0.02135123 0.02293095 0.02832499 0.03854742 0.05207051 0.07130346 0.09281752 0.1038342 0.1012533 0.09353145 0.08151145 0.06022071 0.03641089 0.01948963 0.01008312 0.004730873 0.002474871 0.001990365 0.002589998 0.004221044 0.007157584 0.01118292 0.01560342 0.02113645 0.02816512 0.03561998 0.04507659 0.05355046 0.06425168 0.06428823 0.06495841 0.06806309 0.07213828 0.07377309 0.06881601 0.05830285 0.04708527 0.03347602 0.02454519 0.01993494 0.02081149 0.02428431 0.02803172 0.03149088 0.03320469 0.03345475 0.0321754 0.03155395 0.03144378 0.03364566 0.03685125 0.04068364 0.04410029 0.04796873 0.05104772 0.05400939 0.05253993 -9999 -9999 
0.0001743431 0.0001736453 0.0001734961 0.0001766608 0.0001865885 0.0002100979 0.0002527378 0.0003145013 0.0003900427 0.0004810168 0.0005745829 0.0006659476 0.000742689 0.0008039299 0.0008544969 0.0009777193 0.00128275 0.001951485 0.003038469 0.004241535 0.005723637 0.007870613 0.01101748 0.01380397 0.01622622 0.01887751 0.02011475 0.01990219 0.02009972 0.02249783 0.02998114 0.04075372 0.05434932 0.06761351 0.08554666 0.09752296 0.1008601 0.09628899 0.08280353 0.05789308 0.03246073 0.01766009 0.009672366 0.005204233 0.00318439 0.002738148 0.003434155 0.005270515 0.008088442 0.01131466 0.01508451 0.02004631 0.02549543 0.03118854 0.03619355 0.03820832 0.03917368 0.0372241 0.03762964 0.03902154 0.04214401 0.04482923 0.04308591 0.03683271 0.0311675 0.02230659 0.01721663 0.01745232 0.02066004 0.0251565 0.03007351 0.03384028 0.03654263 0.03819565 0.03857981 0.03783231 0.03792452 0.04034302 0.04398037 0.0475692 0.04868118 0.05086986 0.05362273 0.0558105 0.0567211 -9999 -9999 
0.000177507 0.0001752167 0.0001778073 0.0001811683 0.0001890021 0.0002108515 0.0002531904 0.0003099849 0.0003771746 0.0004611679 0.0005445919 0.0006151631 0.0006865664 0.0007286395 0.0007525455 0.0008618496 0.001225588 0.002085041 0.003444486 0.004839445 0.006368345 0.008461545 0.01153481 0.01396525 0.01636996 0.01824531 0.01891581 0.01826834 0.01849894 0.02022866 0.02428914 0.03406753 0.04422951 0.06008446 0.07588205 0.08635465 0.08579579 0.0794921 0.06192438 0.04210633 0.02549185 0.01542335 0.009625767 0.006000113 0.004208595 0.003880308 0.004654044 0.006573965 0.008722465 0.01150403 0.01546779 0.0205186 0.02590381 0.03218032 0.03547926 0.03429205 0.03183126 0.03050626 0.02779424 0.02665581 0.02632664 0.02571951 0.0245735 0.02310776 0.01846987 0.01413936 0.01272958 0.01448297 0.01887942 0.02472242 0.03091753 0.0370428 0.04093947 0.04383631 0.04630108 0.0479356 0.04782635 0.04983086 0.05321112 0.05547411 0.0552871 0.05544018 0.05689504 0.05697628 0.05738914 -9999 -9999 
-9999 0.0001898041 0.0001880612 0.0001897681 0.000201307 0.0002275268 0.0002744842 0.0003295007 0.0003890168 0.0004724628 0.0005576711 0.0006351394 0.0007063919 0.0007537778 0.0007944115 0.0008509855 0.001173318 0.002064978 0.003559684 0.005090221 0.006545876 0.00867488 0.0111394 0.01310136 0.01510065 0.01614317 0.01631295 0.01587775 0.01613252 0.01754513 0.02063722 0.02783131 0.03537114 0.04764811 0.05538435 0.061453 0.05971029 0.05392125 0.03979221 0.02815631 0.01936516 0.01373657 0.009946086 0.007193103 0.005686971 0.005352591 0.006102572 0.007556198 0.009105656 0.01218143 0.01733524 0.02319587 0.03028426 0.03565151 0.03642748 0.03385182 0.03106022 0.02730127 0.02117049 0.01675953 0.01480073 0.01434641 0.01387196 0.0127684 0.01141827 0.01070006 0.0105318 0.01237801 0.01698554 0.02431977 0.03258473 0.04050826 0.04817196 0.05439351 0.06026564 0.06416562 0.06317003 0.06069137 0.0603532 0.06179936 0.06115934 0.05985412 0.05903472 0.05853483 -9999 -9999 -9999 
-9999 0.0002134757 0.0002106967 0.0002140476 0.0002242179 0.0002485749 0.0002962202 0.0003573948 0.0004314081 0.0005617907 0.0007231422 0.000896998 0.001176083 0.001378897 0.001444986 0.001448309 0.001707129 0.002438643 0.003760487 0.005230163 0.006759441 0.008568083 0.01026849 0.01175584 0.01292343 0.01364531 0.01383668 0.0137227 0.013867 0.01485238 0.01658228 0.01872762 0.0211059 0.02657163 0.02787077 0.03172211 0.02987281 0.02651171 0.02231021 0.01866877 0.01534895 0.0124971 0.01007338 0.008042291 0.006835993 0.006512825 0.006982387 0.007841329 0.009438301 0.01342897 0.02093572 0.02918693 0.03718714 0.04223184 0.03967468 0.03339712 0.02851975 0.02273324 0.015501 0.00963679 0.008207437 0.008437155 0.00837669 0.008461405 0.009204866 0.009336908 0.009729933 0.01154021 0.01570212 0.02264343 0.03277452 0.04406502 0.05604744 0.06736208 0.07758809 0.08321153 0.08249192 0.07660484 0.0708883 0.06800668 0.06686243 0.06451094 -9999 -9999 -9999 -9999 -9999 
-9999 -9999 0.0002347264 0.0002351101 0.000247473 0.0002751712 0.0003242865 0.0004014233 0.0005161582 0.0007609449 0.001219843 0.001851005 0.002506596 0.002823086 0.003008087 0.003002772 0.003072618 0.00338254 0.004170128 0.005191254 0.00643071 0.007680695 0.008880824 0.009992406 0.01086241 0.01157572 0.01206025 0.01216682 0.01218054 0.01261784 0.01353041 0.01450697 0.01491325 0.01546998 0.01570462 0.01602977 0.01589827 0.01607266 0.01501362 0.01379487 0.01276214 0.01134817 0.009832727 0.008392824 0.007493137 0.007184333 0.007211893 0.007851388 0.01000467 0.01600242 0.02718407 0.0396244 0.04653211 0.04866848 0.04503685 0.03645569 0.02715816 0.01974209 0.01192989 0.007341939 0.006809921 0.007254611 0.007622892 0.008000354 0.008710616 0.009227758 0.009740802 0.01152576 0.01567468 0.02155052 0.03090719 0.04466714 0.06233969 0.07847761 0.09065358 0.09804827 0.1002325 0.09447972 0.08412635 0.07681235 0.07328018 0.0693451 -9999 -9999 -9999 -9999 -9999 
-9999 0.0002476751 0.0002492771 0.0002504427 0.0002649458 0.000302696 0.000364007 0.0004795605 0.0007153229 0.001249373 0.002212403 0.003328813 0.004193197 0.004640165 0.004816565 0.004672218 0.004542659 0.004491766 0.004750193 0.005284323 0.006196695 0.007013435 0.007829105 0.008660065 0.009703873 0.01053499 0.01103665 0.01117546 0.0111138 0.01106939 0.01140437 0.01164891 0.01150315 0.01127648 0.01082024 0.01062516 0.01067408 0.01071044 0.01064599 0.0105624 0.01038828 0.009882193 0.00898343 0.008138149 0.007448545 0.007039945 0.006960529 0.007838771 0.01129681 0.02120011 0.03547303 0.04658706 0.05061821 0.05297922 0.04848231 0.03761138 0.02559098 0.01709457 0.01069677 0.007936583 0.007381175 0.007499229 0.007647103 0.008160526 0.008928293 0.009879311 0.01069114 0.01243882 0.01542656 0.02037338 0.02804462 0.0429825 0.06372487 0.08256301 0.09375559 0.1030146 0.1083178 0.1049019 0.09361468 0.08295561 0.07687208 0.07240471 -9999 -9999 -9999 -9999 -9999 
-9999 0.0002654589 0.0002646854 0.0002732965 0.0002869004 -9999 0.0004125216 0.0006415895 0.001151065 0.002170924 0.003808218 0.005334498 0.006271779 0.006778139 0.006829972 0.006481674 0.006182862 0.005938965 0.005936965 0.006106513 0.006483308 0.006701065 0.007186778 0.007974304 0.008837495 0.009510405 0.01025716 0.01077558 0.01072805 0.01042436 0.01003304 0.009719879 0.009283953 0.008742975 0.008155865 0.007609518 0.007272992 0.007189242 0.007453865 0.007804587 0.008074457 0.008000928 0.007655071 0.007232977 0.006810661 0.006549621 0.00675443 0.008179354 0.01350833 0.0264156 0.0436333 0.05283704 0.05532051 0.05328405 0.04785665 0.03582933 0.02379327 0.0153003 0.01140932 0.009582129 0.008614992 0.007954753 0.007615243 0.00800896 0.009020439 0.01005451 0.0111072 0.01302884 0.0156516 0.01902443 0.0250223 0.03838176 0.05782425 0.07725617 0.08826466 0.09726499 0.1034541 0.1023888 0.09492984 0.08573097 0.07744492 -9999 -9999 -9999 -9999 -9999 -9999 
-9999 -9999 -9999 -9999 -9999 -9999 -9999 0.0008431001 0.002045718 0.003920936 0.005975174 0.007615061 0.008616142 0.009307939 0.009258335 0.008651939 0.007977157 0.007473332 0.007248273 0.007094923 0.006934469 0.006589675 0.006704098 0.007114123 0.007755112 0.008664736 0.009628228 0.0106065 0.01091385 0.0104784 0.009505937 0.008624306 0.007983503 0.007384659 0.006714457 0.005897732 0.005218032 0.004886108 0.004970336 0.005203872 0.005488088 0.005669703 0.005747026 0.005772503 0.005715159 0.005715078 0.006243419 0.008851613 0.0171245 0.03371499 0.05120772 0.06397676 0.06826696 0.06245928 0.05090982 0.03384943 0.01832355 0.01312899 0.01223755 0.01115788 0.01007151 0.00890156 0.008047089 0.007733394 0.008529933 0.009831652 0.01110507 0.01277478 0.01527569 0.01799826 0.02235557 0.0309718 0.04618306 0.06464647 0.07938509 0.08808944 0.09374169 0.09388011 0.089913 0.08534729 0.08166459 -9999 -9999 -9999 -9999 -9999 -9999 
-9999 -9999 -9999 -9999 -9999 -9999 -9999 -9999 0.003793358 0.006461976 0.00868184 0.01076427 0.0115227 0.01200755 0.01157365 0.01050956 0.009569397 0.008918443 0.008475099 0.007850006 0.007079631 0.006392884 0.006127318 0.006131517 0.006519263 0.007732072 0.009303981 0.01073097 0.01103943 0.01068276 0.009397162 0.008452686 0.008014101 0.007551185 0.006462549 0.005402941 0.004542576 0.003691401 0.003292287 0.003273702 0.003514574 0.003737001 0.004071797 0.004405405 0.004605251 0.004890456 0.006156507 0.01030977 0.02095719 0.04100317 0.06825022 0.08668756 0.09521261 0.08645026 0.05859488 0.03289079 0.01749579 0.01367246 0.01310188 0.01244305 0.01149224 0.01005677 0.008640504 0.007752181 0.008282115 0.009644167 0.01125917 0.01284276 0.014846 0.01708104 0.01999106 0.02451351 0.03548347 0.0502939 0.06492157 0.07598512 0.08320048 0.08324952 0.08157153 0.08196228 0.08146458 0.07691476 -9999 -9999 -9999 -9999 -9999 
-9999 -9999 -9999 -9999 -9999 -9999 -9999 -9999 -9999 -9999 0.01366189 0.01438738 0.01477679 0.01458194 0.01325852 0.01167915 0.01068807 0.01007201 0.009570304 0.008469927 0.007243985 0.006023202 0.00529213 0.005038991 0.005735566 0.007348378 0.009016138 0.009910157 0.01047559 0.01045404 0.00965585 0.009365027 0.009281725 0.008259506 0.006968927 0.00575557 0.004555408 0.003220842 0.002386841 0.002080483 0.002188317 0.002421987 0.002825493 0.003371348 0.003743656 0.004238488 0.006235211 0.01225811 0.02834749 0.05753688 0.09704743 0.1222634 0.1294455 0.1248507 0.08852971 0.04992677 0.02509716 0.0189309 0.01603951 0.0141556 0.01247065 0.01071375 0.009140626 0.008299924 0.008669828 0.01007394 0.01146047 0.01304016 0.01519864 0.01762195 0.01968153 0.02256223 0.02928364 0.03872794 0.0495325 0.06078162 0.0685932 0.07085478 0.07058565 0.07291027 0.07716563 0.07854235 -9999 -9999 -9999 -9999 -9999 
-9999 -9999 -9999 -9999 -9999 -9999 -9999 -9999 -9999 -9999 0.0188338 0.0189697 0.01884532 0.01725255 0.01496178 0.01301735 0.01205663 0.01150651 0.01070817 0.009367085 0.007575077 0.005889359 0.004526405 0.003751387 0.004647081 0.006719261 0.008668903 0.009417535 0.01009421 0.01041946 0.01086565 0.01167912 0.01164069 0.01030415 0.008350677 0.006511473 0.004880952 0.00308481 0.001888396 0.001416729 0.001383113 0.001567302 0.001965628 0.002604872 0.003103233 0.003919341 0.006760746 0.01369944 0.03460582 0.07118908 0.1155325 0.1509159 0.1600686 0.1540877 0.1218565 0.08268905 0.04179344 0.03129105 0.02506517 0.01905594 0.01396656 0.0108971 0.009071528 0.00822689 0.008585609 0.009731523 0.01117095 0.01297273 0.01521556 0.01773495 0.02034885 0.0240048 0.02932044 0.03458319 0.03954335 0.04621902 0.05510809 0.0600665 0.06282517 0.06622899 0.07358237 0.07649444 -9999 -9999 -9999 -9999 -9999 
-9999 -9999 -9999 -9999 -9999 -9999 -9999 -9999 -9999 -9999 -9999 0.02267582 0.02169064 0.01987094 0.01761897 0.01510923 0.01402345 0.01336474 0.01220357 0.01014273 0.007922974 0.005783056 0.003844288 0.002879827 0.003913845 0.006131665 0.00776304 0.00883993 0.01015726 0.01178937 0.01344081 0.01471185 0.01464174 0.01295151 0.01032389 0.007668759 0.005287149 0.002906126 0.001496339 0.001005355 0.0009247759 0.001018149 0.001403506 0.002015563 0.002659297 0.003556398 0.00619607 0.01566877 0.04200255 0.08581197 0.1344905 0.1674329 0.1740076 0.171328 0.1527078 0.117188 0.07374009 0.05068021 0.04154076 0.03209732 0.01993956 0.01210422 0.008963263 0.008046475 0.008213107 0.009211167 0.01058442 0.01230807 0.01448368 0.01762755 0.02105595 0.0253864 0.03032572 0.03436856 0.03656224 0.04025847 0.04684798 0.05340888 0.05836492 0.06258817 0.06876752 0.0728076 -9999 -9999 -9999 -9999 -9999 
-9999 -9999 -9999 -9999 -9999 -9999 -9999 -9999 -9999 -9999 0.02490556 0.02366396 0.02253206 0.0215834 0.01922886 0.01710137 0.01567341 0.0145326 0.01281367 0.0104484 0.007859389 0.005389654 0.003474442 0.003089752 0.004196255 0.006000339 0.007496384 0.00889998 0.01050684 0.01356554 0.0159868 0.01721094 0.01682571 0.01557112 0.01225023 0.008543695 0.005212191 0.002616918 0.001249798 0.0007760845 0.000706633 0.0008057968 0.001121222 0.001727339 0.002401574 0.003270171 0.005631992 0.0147626 0.03992413 0.0817084 0.1384733 0.1794139 0.1888721 0.1823753 0.1653397 0.1284429 0.09044983 0.06837983 0.05617407 0.04619357 0.03206599 0.01745303 0.01006942 0.008040466 0.007945729 0.008662051 0.009892537 0.01151511 0.01412706 0.01719493 0.02060578 0.02480587 0.02963232 0.03341831 0.03577678 0.03863366 0.04264726 0.04755423 0.05355288 0.05869735 -9999 -9999 -9999 -9999 -9999 -9999 -9999 
-9999 -9999 -9999 -9999 -9999 -9999 -9999 -9999 -9999 -9999 0.0252682 0.02357989 0.02091527 0.01945193 0.01779028 0.0162953 0.0149055 0.0134286 0.0117507 0.00950314 0.007221006 0.004804532 0.003577834 0.003705678 0.005039631 0.006341947 0.007509982 0.008985501 0.01119789 0.01483269 0.01752614 0.01859306 0.01868664 0.01724615 0.01352554 0.008786728 0.004981601 0.002368751 0.001117656 0.000693764 0.0006425715 0.0007703854 0.001098704 0.001760043 0.002493426 0.003256463 0.005121124 0.0121449 0.03379621 0.07197918 0.1242116 0.174128 0.1917532 0.1846503 0.1679319 0.13338 0.09481159 0.07654932 0.06632917 0.0562778 0.04681761 0.02774349 0.0135654 0.008687139 0.007804695 0.0083902 0.009538302 0.01100093 0.01327697 0.01601381 0.01943722 0.02349867 0.02778352 0.03129393 0.03430737 0.03641587 0.03816292 0.04033705 0.0448513 0.05011815 -9999 -9999 -9999 -9999 -9999 -9999 -9999 
-9999 -9999 -9999 -9999 -9999 -9999 -9999 -9999 -9999 -9999 0.02476571 0.02254732 0.01994754 0.0170022 0.01471175 0.01352283 0.0125129 0.01138613 0.01000375 0.008354144 0.006291843 0.004217741 0.003632962 0.004267536 0.005601221 0.006472131 0.007658506 0.008919821 0.01148765 0.01557642 0.01853738 0.0196662 0.02023847 0.01895357 0.01413818 0.008401514 0.004377574 0.002111723 0.001130189 0.0008059782 0.0008158886 0.000984807 0.001431015 0.002187317 0.002924837 0.003575668 0.004859095 0.009835156 0.02706583 0.05500901 0.09570233 0.1404403 0.1618852 0.1616466 0.1440776 0.1257478 0.09779745 0.08389926 0.07371803 0.06549967 0.05484712 0.03791674 0.02249068 0.01133668 0.007904681 0.007820323 0.009014418 0.01040936 0.01210622 0.01441636 0.01796835 0.02189326 0.02507292 0.02785214 0.03068677 0.03214 0.03344294 0.03451934 -9999 -9999 -9999 -9999 -9999 -9999 -9999 -9999 -9999 
-9999 -9999 -9999 -9999 -9999 -9999 -9999 -9999 -9999 -9999 -9999 0.01974663 0.01707131 0.01442577 0.01250151 0.01082465 0.009821923 0.008967729 0.007750285 0.006103567 0.004379464 0.003265011 0.003717947 0.005016204 0.005988564 0.006750701 0.007732742 0.00837643 0.01051374 0.01448417 0.01773262 0.01934392 0.02045795 0.01843546 0.01302301 0.007258232 0.003968074 0.002215594 0.001488487 0.001276957 0.001372873 0.001606387 0.002154994 0.00296105 0.003756243 0.004293961 0.005145642 0.008714266 0.02184081 0.04129045 0.0724155 0.1047607 0.1214112 0.1285132 0.1172216 0.1051274 0.09204376 0.0874993 0.08197498 0.07236239 0.06015611 0.0439932 0.02923104 0.01480133 0.008375844 0.007442093 0.008341891 0.009633594 0.01147075 0.01395564 0.01748903 0.02078227 0.0234335 0.02492479 0.02667569 0.0284772 0.02999752 -9999 -9999 -9999 -9999 -9999 -9999 -9999 -9999 -9999 -9999 
-9999 -9999 -9999 -9999 -9999 -9999 -9999 -9999 -9999 -9999 -9999 -9999 0.01341263 0.01079713 0.009288218 0.007899554 0.00700129 0.006072567 0.0050638 0.003961122 0.002900457 0.003067507 0.004360397 0.005780824 0.006431687 0.007139388 0.007415398 0.007584726 0.009189072 0.01282221 0.01534407 0.01698294 0.01748235 0.01565593 0.01095414 0.006513587 0.00390594 0.00276185 0.002423012 0.002452929 0.002761192 0.003025489 0.003589862 0.004420486 0.005265187 0.005548276 0.005992128 0.009191847 0.01923338 0.03456908 0.05832861 0.08296801 0.09576168 0.1012468 0.09585895 0.08898134 0.07779428 0.08327871 0.08345751 0.07460479 0.06088167 0.04709161 0.03284424 0.01970454 0.01066037 0.008038392 0.008500908 0.009786981 0.01205993 0.01500918 0.01896893 0.02264619 0.02464848 0.02495769 0.02552944 0.02765833 -9999 -9999 -9999 -9999 -9999 -9999 -9999 -9999 -9999 -9999 -9999 
-9999 -9999 -9999 -9999 -9999 -9999 -9999 -9999 -9999 -9999 -9999 -9999 -9999 -9999 0.004419944 0.003858909 0.003453319 0.0029951 0.002642904 0.002347342 0.002852591 0.004161024 0.005392187 0.006340772 0.00689335 0.007238077 0.006762569 0.006212985 0.007283736 0.009943024 0.01220702 0.01382167 0.01389297 0.01194417 0.008513246 0.005664635 0.004229043 0.003929757 0.004252501 0.00469224 0.005220789 0.005512974 0.006060561 0.006781046 0.00725774 0.00717808 0.007985495 0.01241429 0.02136149 0.03425132 0.05367218 0.07428209 0.08736129 0.09385136 0.0922227 0.08848671 0.08075993 0.07795241 0.08361518 0.07765164 0.06471905 0.05122131 0.03781175 0.02193114 0.01228847 0.009235875 0.009252176 0.01071465 0.01367423 0.01748891 0.02144008 0.02572484 0.02827507 0.03005697 0.02975638 0.0303572 -9999 -9999 -9999 -9999 -9999 -9999 -9999 -9999 -9999 -9999 -9999 
-9999 -9999 -9999 -9999 -9999 -9999 -9999 -9999 -9999 -9999 -9999 -9999 -9999 -9999 -9999 0.001899086 0.001825963 0.001862883 0.002161889 0.003101529 0.004588341 0.005645365 0.006671591 0.007031893 0.007163703 0.006839641 0.005947392 0.004942222 0.005387065 0.007192445 0.00908099 0.01029375 0.01001287 0.008985783 0.007007094 0.005515184 0.005252641 0.005973794 0.00715164 0.008130539 0.00889677 0.009226341 0.009672356 0.01000606 0.009676454 0.01003911 0.01281273 0.01882221 0.02823732 0.04100727 0.05972902 0.07999085 0.09522719 0.1072871 0.1112393 0.1072308 0.09769413 0.09365548 0.09549114 0.08824225 0.07578831 0.0589214 0.04271019 0.02344001 0.0136122 0.01046463 0.01032718 0.01182654 0.01541022 0.02019938 0.0246283 0.0293346 0.03392283 0.03689222 0.03725141 -9999 -9999 -9999 -9999 -9999 -9999 -9999 -9999 -9999 -9999 -9999 -9999 
-9999 -9999 -9999 -9999 -9999 -9999 -9999 -9999 -9999 -9999 -9999 -9999 -9999 -9999 -9999 0.001720044 0.001864562 0.002196395 0.003264918 0.004905545 0.006330367 0.007144387 0.007595724 0.007522535 0.007246237 0.006377655 0.005033715 0.003871464 0.003719489 0.004621096 0.005796948 0.006709137 0.006645833 0.006095115 0.005547542 0.005817705 0.007021034 0.009141181 0.01144467 0.01315063 0.01405346 0.01436511 0.01439263 0.01359009 0.01329532 0.01623159 0.02144811 0.02932759 0.04087032 0.05556586 0.07565176 0.09859017 0.1174062 0.1282832 0.1278678 0.1213024 0.1158714 0.1125876 0.1091497 0.0971908 0.08635198 0.06690211 0.0459382 0.02563824 0.01545666 0.01214933 0.01177931 0.0128898 0.01690184 0.02286157 0.02839622 0.03405975 0.04128171 0.04599585 0.0464901 0.04235113 -9999 -9999 -9999 -9999 -9999 -9999 -9999 -9999 -9999 -9999 -9999 
-9999 -9999 -9999 -9999 -9999 -9999 -9999 -9999 -9999 -9999 -9999 -9999 0.001642544 0.001717701 0.001805578 0.001934248 0.002281816 0.003047056 0.004720706 0.006165717 0.007399693 0.008002654 0.008385318 0.007932634 0.007168246 0.00560617 0.004133552 0.003218033 0.002912173 0.00323098 0.003851856 0.004410064 0.004422551 0.004378454 0.004902487 0.006591462 0.009346608 0.01302815 0.01665722 0.01899771 0.02013831 0.01995806 0.01890316 0.01806363 0.02133197 0.02788786 0.03608418 0.04666211 0.06122559 0.07943539 0.104332 0.129614 0.1475444 0.1515017 0.1395437 0.1280513 0.11995 0.1208711 0.1162949 0.1038534 0.08771252 0.06975367 0.04847755 0.02847058 0.01799922 0.01447334 0.01415685 0.01506736 0.01816876 0.02410034 0.03129039 0.03774548 0.045536 0.05245621 0.05421581 0.05195672 -9999 -9999 -9999 -9999 -9999 -9999 -9999 -9999 -9999 -9999 -9999 
-9999 -9999 -9999 -9999 -9999 -9999 -9999 -9999 -9999 -9999 -9999 -9999 0.00175569 0.001810163 0.001899429 0.002060233 0.002590341 0.003755732 0.005387511 0.00687964 0.007904382 0.008615638 0.008678804 0.0078961 0.006214032 0.0046593 0.003589817 0.002976597 0.002760063 0.002882556 0.003238249 0.003566563 0.003590283 0.003770326 0.004985354 0.007812781 0.01187881 0.01703711 0.02206813 0.0249686 0.02570486 0.02433384 0.02359375 0.02536004 0.0328982 0.04455104 0.05774191 0.07264885 0.09206452 0.1167422 0.143553 0.166741 0.1740302 0.1671155 0.1502662 0.1335811 0.1223074 0.1173963 0.10788 0.09223288 0.08037567 0.0671071 0.04857794 0.03017992 0.02004989 0.01656386 0.01610941 0.0163022 0.01852702 0.02407382 0.03197701 0.03901795 0.04608418 0.05319156 0.05618995 0.05777227 -9999 -9999 -9999 -9999 -9999 -9999 -9999 -9999 -9999 -9999 -9999 
-9999 -9999 -9999 -9999 -9999 -9999 -9999 -9999 -9999 -9999 -9999 -9999 -9999 0.001898395 0.001963025 0.002157563 0.002734875 0.003984976 0.00572399 0.007229141 0.007910387 0.008472794 0.008323477 0.006785533 0.004896415 0.003798832 0.00322554 0.003040447 0.003145289 0.003483335 0.003797769 0.003988706 0.004005533 0.004120704 0.005593444 0.009307004 0.01443799 0.02077495 0.02684677 0.03011128 0.03035101 0.02826379 0.02962089 0.03520304 0.04766254 0.06532135 0.08596528 0.1080902 0.134779 0.1648315 0.1936801 0.2068242 0.2015804 0.185215 0.1607804 0.1332162 0.1108094 0.1007612 0.09202188 0.07990935 0.0708996 0.05874161 0.04288483 0.02709139 0.01942646 0.01703782 0.01654238 0.01659293 0.01810563 0.02301386 0.03014604 0.03712381 0.04281285 0.05033921 0.05618266 -9999 -9999 -9999 -9999 -9999 -9999 -9999 -9999 -9999 -9999 -9999 -9999 
-9999 -9999 -9999 -9999 -9999 -9999 -9999 -9999 -9999 -9999 -9999 -9999 -9999 0.001964582 0.002014985 0.002139025 0.002693638 0.003974565 0.005717424 0.006847912 0.00731466 0.007657545 0.006825436 0.005131992 0.003798338 0.003192811 0.003092031 0.003314001 0.003866988 0.004609037 0.005207193 0.005051905 0.005082178 0.005154695 0.006504869 0.01053103 0.01624634 0.02353331 0.03092478 0.03487081 0.03457699 0.03297627 0.03677443 0.04626385 0.06277884 0.08581545 0.1156796 0.1429386 0.170762 0.203061 0.2268191 0.2323038 0.2196393 0.1939908 0.1546084 0.113342 0.08239014 0.06858231 0.06782583 0.0633863 0.05706839 0.04566228 0.03322173 0.02223595 0.01824027 0.01710976 0.01648879 0.01628584 0.0168666 0.02039329 0.026847 0.03387027 0.04025014 0.04828942 -9999 -9999 -9999 -9999 -9999 -9999 -9999 -9999 -9999 -9999 -9999 -9999 -9999 
-9999 -9999 -9999 -9999 -9999 -9999 -9999 -9999 -9999 -9999 -9999 -9999 -9999 0.001895665 0.001927052 0.002000936 0.002513387 0.003726036 0.005131212 0.005925028 0.006372557 0.006173003 0.005183499 0.003873419 0.003046991 0.002856824 0.003181848 0.003829818 0.004891855 0.005872244 0.006581784 0.006196136 0.006123513 0.006057268 0.007398913 0.01164325 0.01797274 0.02582603 0.03456421 0.03890825 0.03873837 0.03710931 0.04258482 0.05461561 0.07446525 0.1013003 0.1319465 0.1568353 0.1842656 0.2128575 0.2335667 0.2334749 0.2185948 0.1904219 0.1471824 0.09318817 0.05302792 0.04188026 0.04349745 0.04234532 0.03874335 0.03122878 0.02418756 0.01859419 0.01688264 0.01662791 0.01647762 0.01603984 0.01567428 0.01722741 0.02147709 0.02944965 0.03662623 -9999 -9999 -9999 -9999 -9999 -9999 -9999 -9999 -9999 -9999 -9999 -9999 -9999 -9999 
-9999 -9999 -9999 -9999 -9999 -9999 -9999 -9999 -9999 -9999 -9999 -9999 0.001634823 0.00166545 0.001679715 0.001768031 0.002313774 0.003231043 0.004218737 0.004820261 0.005195859 0.004836604 0.004010932 0.003024548 0.002611205 0.002767892 0.003441757 0.00442431 0.006006 0.007008718 0.007690219 0.007373448 0.007062716 0.006688025 0.007859785 0.01195893 0.01850595 0.02709289 0.03639479 0.04065284 0.03956489 0.03871128 0.04462724 0.05573938 0.0742502 0.09949905 0.124382 0.1459628 0.1690946 0.1975381 0.2177932 0.2176525 0.1991889 0.1742987 0.129362 0.07592592 0.03830683 0.02760767 0.02627655 0.02602402 0.02394444 0.02047423 0.01817517 0.01638016 0.0157544 0.01552487 0.01548482 0.01474874 0.01425842 0.01470418 0.01764833 0.02265641 -9999 -9999 -9999 -9999 -9999 -9999 -9999 -9999 -9999 -9999 -9999 -9999 -9999 -9999 -9999 
-9999 -9999 -9999 -9999 -9999 -9999 -9999 -9999 -9999 -9999 -9999 -9999 0.001480282 0.001466861 0.001448581 0.001546532 0.002065632 0.002831795 0.003478812 0.003972815 0.004372239 0.00406286 0.00332159 0.00263966 0.002487169 0.002903726 0.003825973 0.005220992 0.006674276 0.007711685 0.00828267 0.008516819 0.007803157 0.007143491 0.007917325 0.01175095 0.01799266 0.02611524 0.03419327 0.03737009 0.0361853 0.03599814 0.04087117 0.05099634 0.06667984 0.08592202 0.1044656 0.1218929 0.1433239 0.1687551 0.188892 0.1874887 0.1688903 0.1433622 0.107123 0.06508619 0.03403754 0.02350792 0.01962254 0.01873234 0.0174762 0.01588752 0.01534187 0.01517043 0.01459574 0.01374448 0.0136522 0.01304489 0.0126129 0.01292137 0.01453726 -9999 -9999 -9999 -9999 -9999 -9999 -9999 -9999 -9999 -9999 -9999 -9999 -9999 -9999 -9999 -9999 
-9999 -9999 -9999 -9999 -9999 -9999 -9999 -9999 -9999 -9999 -9999 -9999 0.001349449 0.001294997 0.001263258 0.001342747 0.001789107 0.002616031 0.00310297 0.003568892 0.004022418 0.003807527 0.003088147 0.002680938 0.002815821 0.003525441 0.00479176 0.006252258 0.007351371 0.007794111 0.008291218 0.008778936 0.007922065 0.007085267 0.007465463 0.01052311 0.01568938 0.02281038 0.02932917 0.03176435 0.03046493 0.02936559 0.0319451 0.03773798 0.05130043 0.06791737 0.08183794 0.09039293 0.1006353 0.1149129 0.1318583 0.1404793 0.1292276 0.1092868 0.08296314 0.0545544 0.03142476 0.02291103 0.01831358 0.01703448 0.01640164 0.01547636 0.01474554 0.01461697 0.01388051 0.01250335 0.01181205 0.01116443 0.01071229 0.01092782 0.01153657 -9999 -9999 -9999 -9999 -9999 -9999 -9999 -9999 -9999 -9999 -9999 -9999 -9999 -9999 -9999 -9999 
-9999 -9999 -9999 -9999 -9999 -9999 -9999 -9999 -9999 -9999 -9999 -9999 0.001195544 0.001143558 0.001081116 0.001132494 0.001647241 0.002497875 0.003124013 0.003592343 0.003905176 0.003853621 0.003427092 0.003246088 0.003670649 0.004792945 0.006354101 0.007796985 0.007995987 0.007573983 0.007843669 0.008160759 0.007293195 0.006345139 0.006705834 0.008643676 0.0120658 0.01747492 0.02315702 0.02553131 0.02507958 0.02332917 0.02328241 0.02495803 0.03452214 0.04424864 0.05056935 0.05427618 0.05760732 0.06121871 0.07554337 0.08818385 0.08839031 0.07922325 0.06486987 0.04791769 0.03300647 0.02457426 0.0204755 0.01885195 0.01818263 0.01647382 0.01515878 0.01418025 0.01273516 0.01153826 0.01082486 0.01001523 0.009341252 0.009231026 -9999 -9999 -9999 -9999 -9999 -9999 -9999 -9999 -9999 -9999 -9999 -9999 -9999 -9999 -9999 -9999 -9999 
-9999 -9999 -9999 -9999 -9999 -9999 -9999 -9999 -9999 -9999 -9999 -9999 0.001006424 0.0009772019 0.0009403073 0.0009839679 0.00148565 0.002433431 0.003339925 0.003800229 0.004163954 0.004282543 0.004259272 0.004458806 0.005259769 0.006773063 0.008350183 0.008784671 0.008396634 0.007521055 0.007242397 0.006973739 0.006394046 0.005635099 0.005931121 0.006823397 0.008334884 0.01170574 0.01586192 0.01788172 0.0179696 0.01583463 0.01414982 0.01382953 0.01834523 0.0222311 0.02612436 0.02815457 0.0282017 0.03010754 0.03908521 0.05146641 0.05798859 0.05726432 0.05090807 0.04351459 0.03468298 0.02914151 0.0255833 0.02300048 0.02075928 0.01799239 0.01561161 0.01340629 0.01149196 0.01055692 0.009744961 0.009183582 0.008814189 0.008830364 -9999 -9999 -9999 -9999 -9999 -9999 -9999 -9999 -9999 -9999 -9999 -9999 -9999 -9999 -9999 -9999 -9999 
-9999 -9999 -9999 -9999 -9999 -9999 -9999 -9999 -9999 -9999 -9999 -9999 -9999 0.0008798217 0.0008725227 0.000934119 -9999 -9999 0.003807656 0.004600284 0.005112035 0.005300035 0.005636472 0.00626873 0.007592237 0.009250252 0.009971058 0.009500129 0.008575949 0.007200219 0.006372553 0.005868786 0.005447431 0.00504545 0.005260367 0.005445318 0.005451028 0.006612985 0.008624308 0.009719753 0.01008219 0.008396192 0.007516919 0.008302293 0.01118027 0.0141366 0.01630758 0.01765832 0.01947939 0.02121926 0.02567408 0.03413536 0.04141952 0.04378664 0.04149395 0.03925561 0.03500317 0.03281762 0.029538 0.02609538 0.02252396 0.01889289 0.01584188 0.0133946 0.01131904 0.009769863 0.008827571 0.0083726 0.008182351 0.008233145 -9999 -9999 -9999 -9999 -9999 -9999 -9999 -9999 -9999 -9999 -9999 -9999 -9999 -9999 -9999 -9999 -9999 
-9999 -9999 -9999 -9999 -9999 -9999 -9999 -9999 -9999 -9999 -9999 -9999 -9999 -9999 0.0008406938 0.0008295648 -9999 -9999 -9999 0.005998646 0.006301136 0.006688791 0.007384904 0.008395252 0.009967228 0.010719 0.01078608 0.009975309 0.008682513 0.006684469 0.00536209 0.004644194 0.004395057 0.004542643 0.004641276 0.004496957 0.00377255 0.003757173 0.004258159 0.004530294 0.004645016 0.003998868 0.004005872 0.005279171 0.007915018 0.01115265 0.0130078 0.01414685 0.01562561 0.0174477 0.02012094 0.0249401 0.03196999 0.03588205 0.03528203 0.03571003 0.03455701 0.03291446 0.03005177 0.02675972 0.02281287 0.01968365 0.01693502 0.01474414 0.01199388 0.009793949 -9999 -9999 -9999 -9999 -9999 -9999 -9999 -9999 -9999 -9999 -9999 -9999 -9999 -9999 -9999 -9999 -9999 -9999 -9999 -9999 -9999 
-9999 -9999 -9999 -9999 -9999 -9999 -9999 -9999 -9999 -9999 -9999 -9999 -9999 -9999 0.0007923305 -9999 -9999 -9999 -9999 -9999 0.007094195 0.007362311 0.00813356 0.009186487 0.01014223 0.01042865 0.01011305 0.009448202 0.008052494 0.005892098 0.003971271 0.003508047 0.003698223 0.003931141 0.004032266 0.003820762 0.002926139 0.002405532 0.002365989 0.002311443 0.002279616 0.002286362 0.002697867 0.003870632 0.006486469 0.009690831 0.01152898 0.01212788 0.01364163 0.01455809 0.01602199 0.01967348 0.02568561 0.02982587 0.03199023 0.03376531 0.03379538 0.03165465 0.0291748 0.02657248 0.02343623 0.02034943 0.01781495 0.01512252 0.01272983 -9999 -9999 -9999 -9999 -9999 -9999 -9999 -9999 -9999 -9999 -9999 -9999 -9999 -9999 -9999 -9999 -9999 -9999 -9999 -9999 -9999 -9999 
-9999 -9999 -9999 -9999 -9999 -9999 -9999 -9999 -9999 -9999 -9999 -9999 -9999 -9999 -9999 -9999 -9999 -9999 -9999 -9999 0.007609437 0.007490113 0.0081485 0.008893906 0.009206837 0.00921492 0.008788283 0.008279446 0.00687715 0.004472229 0.002536131 0.002670332 0.003116015 0.00338767 0.003467826 0.003245841 0.002432952 0.001809381 0.001652523 0.001566972 0.00156628 0.001748985 0.002234308 0.00329512 0.005981974 0.009152973 0.01073436 0.01106301 0.0123945 0.0128173 0.01310891 0.01570526 0.02017192 0.02431497 0.02801614 0.0298408 0.03048395 0.02888994 0.02660617 0.02411597 0.02192473 0.02059905 0.01778749 0.01478082 -9999 -9999 -9999 -9999 -9999 -9999 -9999 -9999 -9999 -9999 -9999 -9999 -9999 -9999 -9999 -9999 -9999 -9999 -9999 -9999 -9999 -9999 -9999 
-9999 -9999 -9999 -9999 -9999 -9999 -9999 -9999 -9999 -9999 -9999 -9999 -9999 -9999 -9999 -9999 -9999 -9999 -9999 -9999 0.007380405 0.006920693 0.007082085 0.00740797 0.007958886 0.007829409 0.007143474 0.006282981 0.004481473 0.002455313 0.001701945 0.002159717 0.002639218 0.002919195 0.002973838 0.00273963 0.002016319 0.001420521 0.001246223 0.001229202 0.001339536 0.001527595 0.002003162 0.003079127 0.005502446 0.008569874 0.01027368 0.01059116 0.01114137 0.01107252 0.01072334 0.01200205 0.01515652 0.01876907 0.02146686 0.02297411 0.02349579 0.02280428 0.02101207 0.02005003 0.01925501 0.01799889 0.01644767 -9999 -9999 -9999 -9999 -9999 -9999 -9999 -9999 -9999 -9999 -9999 -9999 -9999 -9999 -9999 -9999 -9999 -9999 -9999 -9999 -9999 -9999 -9999 -9999 
-9999 -9999 -9999 -9999 -9999 -9999 -9999 -9999 -9999 -9999 -9999 -9999 -9999 -9999 -9999 -9999 -9999 -9999 -9999 -9999 0.006564532 0.005919673 0.005815505 0.005729191 0.005876319 0.005549205 0.005140013 0.004079973 0.00261489 0.001508818 0.001244275 0.001684555 0.002191348 0.00253745 0.002521135 0.00233306 0.001742073 0.00119236 0.0009546992 0.0009390475 0.001093384 0.001354722 0.00201491 0.00347569 0.005952074 0.00896016 0.01064628 0.01113411 0.01072297 0.009907626 0.008971793 0.009759246 0.01197821 0.01419744 0.01569209 0.01688752 0.01717975 0.01648007 0.01589452 0.01584864 0.01559704 0.01551575 0.01539491 -9999 -9999 -9999 -9999 -9999 -9999 -9999 -9999 -9999 -9999 -9999 -9999 -9999 -9999 -9999 -9999 -9999 -9999 -9999 -9999 -9999 -9999 -9999 -9999 
-9999 -9999 -9999 -9999 -9999 -9999 -9999 -9999 -9999 -9999 -9999 -9999 -9999 -9999 -9999 -9999 -9999 -9999 -9999 -9999 -9999 0.004425515 0.003802633 0.003331582 0.003227848 0.003116549 0.002755813 0.001959544 0.001451074 0.001119481 0.00100843 0.001323178 0.001777277 0.002150323 0.002105173 0.001991821 0.001576808 0.001094063 0.0007860069 0.0007253437 0.0009238815 0.001437013 0.002662967 0.004960245 0.00827982 0.0113569 0.01264428 0.01310459 0.0115009 0.009749802 0.008740095 0.009038969 0.01044684 0.01147679 0.01254125 0.01288146 0.01251115 0.01212499 0.01208618 0.01236267 0.01241329 -9999 -9999 -9999 -9999 -9999 -9999 -9999 -9999 -9999 -9999 -9999 -9999 -9999 -9999 -9999 -9999 -9999 -9999 -9999 -9999 -9999 -9999 -9999 -9999 -9999 -9999 
-9999 -9999 -9999 -9999 -9999 -9999 -9999 -9999 -9999 -9999 -9999 -9999 -9999 -9999 -9999 -9999 -9999 -9999 -9999 -9999 -9999 0.002938249 0.002577086 0.002172382 0.001900252 0.001679458 0.001457282 0.001246663 0.001054003 0.0009298107 0.000892081 0.001052114 0.00138154 0.001728119 0.001762154 0.001715774 0.001531734 0.001179354 0.0009096563 0.0008944722 0.001292246 0.002378611 0.004611019 0.00829077 0.0135205 0.01645336 0.01716538 0.01693986 0.01329589 0.01070908 0.009554207 0.009305269 0.01008256 0.01039652 0.0108874 0.01027849 0.01000697 -9999 -9999 -9999 -9999 -9999 -9999 -9999 -9999 -9999 -9999 -9999 -9999 -9999 -9999 -9999 -9999 -9999 -9999 -9999 -9999 -9999 -9999 -9999 -9999 -9999 -9999 -9999 -9999 -9999 -9999 
-9999 -9999 -9999 -9999 -9999 -9999 -9999 -9999 -9999 -9999 -9999 -9999 -9999 -9999 -9999 -9999 -9999 -9999 -9999 -9999 -9999 0.002327876 0.002132907 0.00189976 0.00160091 0.00135825 0.001200276 0.001059537 0.0009333512 0.0008353095 0.0007828713 0.0008488314 0.001082944 0.001350837 0.00147131 0.001511408 0.001496629 0.001337257 0.001237714 0.00146715 0.002298749 0.004082984 0.008329011 0.01416573 0.01975867 0.02354103 0.02409514 0.02243847 0.01739769 0.01334471 0.01035514 0.009617048 0.009864025 -9999 -9999 -9999 -9999 -9999 -9999 -9999 -9999 -9999 -9999 -9999 -9999 -9999 -9999 -9999 -9999 -9999 -9999 -9999 -9999 -9999 -9999 -9999 -9999 -9999 -9999 -9999 -9999 -9999 -9999 -9999 -9999 -9999 -9999 
-9999 -9999 -9999 -9999 -9999 -9999 -9999 -9999 -9999 -9999 -9999 -9999 -9999 -9999 -9999 -9999 -9999 -9999 -9999 -9999 -9999 -9999 0.002390873 0.002136683 0.001782699 0.001477642 0.001252917 0.001078645 0.0009138478 0.0007858806 0.000692389 0.0006887142 0.0008548588 0.001051093 0.001221105 0.001283887 0.001333822 0.001324952 0.001432747 0.001858246 0.002918459 0.005045117 0.0101226 0.01617886 0.02212233 0.02655796 0.02763199 0.0254416 0.02074375 0.01573288 0.01138803 0.01001996 0.009863779 -9999 -9999 -9999 -9999 -9999 -9999 -9999 -9999 -9999 -9999 -9999 -9999 -9999 -9999 -9999 -9999 -9999 -9999 -9999 -9999 -9999 -9999 -9999 -9999 -9999 -9999 -9999 -9999 -9999 -9999 -9999 -9999 -9999 -9999 
-9999 -9999 -9999 -9999 -9999 -9999 -9999 -9999 -9999 -9999 -9999 -9999 -9999 -9999 -9999 -9999 -9999 -9999 -9999 -9999 -9999 0.002868709 0.002684508 0.002402428 0.002055708 0.001716776 0.00139648 0.001126538 0.0009043257 0.0007155964 0.0006136161 0.0005620834 0.0006548429 0.0008338889 0.001023593 0.001142451 0.001238284 0.001320618 0.001569489 0.002155075 0.003315235 0.006565752 0.01149305 0.01741767 0.02267097 0.02703185 0.02838938 0.02722774 0.02336983 0.01813101 0.01354838 0.01127452 0.01021097 -9999 -9999 -9999 -9999 -9999 -9999 -9999 -9999 -9999 -9999 -9999 -9999 -9999 -9999 -9999 -9999 -9999 -9999 -9999 -9999 -9999 -9999 -9999 -9999 -9999 -9999 -9999 -9999 -9999 -9999 -9999 -9999 -9999 -9999 
-9999 -9999 -9999 -9999 -9999 -9999 -9999 -9999 -9999 -9999 -9999 -9999 -9999 -9999 -9999 -9999 -9999 -9999 -9999 -9999 -9999 0.003267764 0.002956831 0.002670406 0.002363434 0.001975622 0.001545257 0.001162674 0.0008834123 0.0006858105 0.0005490246 0.000478808 0.0005003062 0.0006420774 0.0008725753 0.001092664 0.001316016 0.001579782 0.00190622 0.002433776 0.003518199 0.005902435 0.01065021 0.01672838 0.02291907 0.02811296 0.02862464 0.02568714 0.02225133 0.01822824 0.01399558 0.01286973 -9999 -9999 -9999 -9999 -9999 -9999 -9999 -9999 -9999 -9999 -9999 -9999 -9999 -9999 -9999 -9999 -9999 -9999 -9999 -9999 -9999 -9999 -9999 -9999 -9999 -9999 -9999 -9999 -9999 -9999 -9999 -9999 -9999 -9999 -9999 
-9999 -9999 -9999 -9999 -9999 -9999 -9999 -9999 -9999 -9999 -9999 -9999 -9999 -9999 -9999 -9999 -9999 -9999 -9999 -9999 -9999 0.003712574 0.003304011 0.002958692 0.002637344 0.002150156 0.001607548 0.001174202 0.0008625471 0.0006616109 0.000527814 0.0004555096 0.0004509884 0.0006231474 0.0009008599 0.001200907 0.001531396 0.001943967 0.002460117 0.00315677 0.004230307 0.005910242 0.009694522 0.01431398 0.01973819 0.02484817 0.02528409 0.02272597 0.02010754 0.01757299 0.01421895 0.01395634 -9999 -9999 -9999 -9999 -9999 -9999 -9999 -9999 -9999 -9999 -9999 -9999 -9999 -9999 -9999 -9999 -9999 -9999 -9999 -9999 -9999 -9999 -9999 -9999 -9999 -9999 -9999 -9999 -9999 -9999 -9999 -9999 -9999 -9999 -9999 
-9999 -9999 -9999 -9999 -9999 -9999 -9999 -9999 -9999 -9999 -9999 -9999 -9999 -9999 -9999 -9999 -9999 -9999 -9999 -9999 -9999 0.003895435 0.003604457 0.003188977 0.00277206 0.002210265 0.001612469 0.001172347 0.0008613357 0.0006683248 0.000565664 0.000547669 0.0006472762 0.0009422883 0.001251778 0.00161072 0.002035771 0.002590948 0.003270272 0.004079583 0.004938383 0.005919764 0.007395956 0.009377582 0.01360688 0.01689453 0.01766444 0.01750231 0.01679653 0.01677337 0.01545041 0.01523021 -9999 -9999 -9999 -9999 -9999 -9999 -9999 -9999 -9999 -9999 -9999 -9999 -9999 -9999 -9999 -9999 -9999 -9999 -9999 -9999 -9999 -9999 -9999 -9999 -9999 -9999 -9999 -9999 -9999 -9999 -9999 -9999 -9999 -9999 -9999 
-9999 -9999 -9999 -9999 -9999 -9999 -9999 -9999 -9999 -9999 -9999 -9999 -9999 -9999 -9999 -9999 -9999 -9999 -9999 -9999 0.004002253 0.003854813 0.003648518 0.00327025 0.002739 0.00212816 0.001578783 0.001158473 0.000880297 0.0007241738 0.0006560479 0.0007574714 0.0009759424 0.00130405 0.001712078 0.002153278 0.002662189 0.003360129 0.004220044 0.005220861 0.00615916 0.006736266 0.006966115 0.007292845 0.008919191 0.01127651 0.01268385 0.01413261 0.01463655 0.01610669 0.01579405 0.01654257 -9999 -9999 -9999 -9999 -9999 -9999 -9999 -9999 -9999 -9999 -9999 -9999 -9999 -9999 -9999 -9999 -9999 -9999 -9999 -9999 -9999 -9999 -9999 -9999 -9999 -9999 -9999 -9999 -9999 -9999 -9999 -9999 -9999 -9999 -9999 
-9999 -9999 -9999 -9999 -9999 -9999 -9999 -9999 -9999 -9999 -9999 -9999 -9999 -9999 -9999 -9999 -9999 -9999 -9999 -9999 0.003967922 0.003779233 0.003549417 0.003190348 0.002637381 0.00205733 0.001567336 0.001170337 0.0009349773 0.0008091309 0.0007957611 0.0009321737 0.0011543 0.001469858 0.001882518 0.002376357 0.002978669 0.003824863 0.004977315 0.006422664 0.007498072 0.008253772 0.008505129 0.008046308 0.007706834 0.008501723 0.009606752 0.01152263 0.01342427 0.0160741 0.01636514 0.01749338 -9999 -9999 -9999 -9999 -9999 -9999 -9999 -9999 -9999 -9999 -9999 -9999 -9999 -9999 -9999 -9999 -9999 -9999 -9999 -9999 -9999 -9999 -9999 -9999 -9999 -9999 -9999 -9999 -9999 -9999 -9999 -9999 -9999 -9999 -9999 
-9999 -9999 -9999 -9999 -9999 -9999 -9999 -9999 -9999 -9999 -9999 -9999 -9999 -9999 -9999 -9999 -9999 -9999 -9999 -9999 -9999 0.003697669 0.003405424 0.002953124 0.002462826 0.002007433 0.0015764 0.001241327 0.001027886 0.0009161246 0.0009450089 0.001062888 0.001264077 0.001532887 0.001949715 0.002487251 0.00315642 0.00396964 0.005239162 0.007246131 0.00889981 0.009832231 0.01034141 0.01001711 0.007458881 0.006447235 0.007178131 0.009265661 0.01148386 0.01491623 0.01647797 0.0182869 -9999 -9999 -9999 -9999 -9999 -9999 -9999 -9999 -9999 -9999 -9999 -9999 -9999 -9999 -9999 -9999 -9999 -9999 -9999 -9999 -9999 -9999 -9999 -9999 -9999 -9999 -9999 -9999 -9999 -9999 -9999 -9999 -9999 -9999 -9999 
-9999 -9999 -9999 -9999 -9999 -9999 -9999 -9999 -9999 -9999 -9999 -9999 -9999 -9999 -9999 -9999 -9999 -9999 -9999 -9999 -9999 0.00370836 0.003181868 0.002791842 0.002350996 0.001990031 0.001616072 0.001333197 0.001132858 0.001025726 0.0009879976 0.001111244 0.001302177 0.001559585 0.001907442 0.002350785 0.002893435 0.003810563 0.005303902 0.007870213 0.01039793 0.01208036 0.01275754 0.01326478 0.01016971 0.007503543 0.006271506 0.008039377 0.01094659 0.01437083 0.0162685 0.01912213 -9999 -9999 -9999 -9999 -9999 -9999 -9999 -9999 -9999 -9999 -9999 -9999 -9999 -9999 -9999 -9999 -9999 -9999 -9999 -9999 -9999 -9999 -9999 -9999 -9999 -9999 -9999 -9999 -9999 -9999 -9999 -9999 -9999 -9999 -9999 
-9999 -9999 -9999 -9999 -9999 -9999 -9999 -9999 -9999 -9999 -9999 -9999 -9999 -9999 -9999 -9999 -9999 -9999 -9999 -9999 -9999 -9999 -9999 0.002596451 0.002202357 0.001891392 0.001637117 0.001425899 0.001281187 0.001178197 0.001109091 0.001199977 0.001356623 0.001560403 0.001807341 0.002113576 0.002517271 0.003305197 0.00509298 0.008284888 0.01158062 0.01411082 0.01478763 0.0150289 0.01383577 0.0105238 0.006067312 0.006838041 -9999 -9999 -9999 -9999 -9999 -9999 -9999 -9999 -9999 -9999 -9999 -9999 -9999 -9999 -9999 -9999 -9999 -9999 -9999 -9999 -9999 -9999 -9999 -9999 -9999 -9999 -9999 -9999 -9999 -9999 -9999 -9999 -9999 -9999 -9999 -9999 -9999 -9999 -9999 
-9999 -9999 -9999 -9999 -9999 -9999 -9999 -9999 -9999 -9999 -9999 -9999 -9999 -9999 -9999 -9999 -9999 -9999 -9999 -9999 -9999 -9999 -9999 -9999 0.002113041 0.001890768 0.001706268 0.001609813 0.00150714 0.001349456 0.00123832 0.001163645 0.001251107 0.001445612 0.001569283 0.001776151 0.002183075 0.002887706 0.004775897 0.008589774 0.01306024 0.01542214 0.01592775 0.0164171 -9999 -9999 -9999 -9999 -9999 -9999 -9999 -9999 -9999 -9999 -9999 -9999 -9999 -9999 -9999 -9999 -9999 -9999 -9999 -9999 -9999 -9999 -9999 -9999 -9999 -9999 -9999 -9999 -9999 -9999 -9999 -9999 -9999 -9999 -9999 -9999 -9999 -9999 -9999 -9999 -9999 -9999 -9999 
-9999 -9999 -9999 -9999 -9999 -9999 -9999 -9999 -9999 -9999 -9999 -9999 -9999 -9999 -9999 -9999 -9999 -9999 -9999 -9999 -9999 -9999 -9999 -9999 0.002044462 0.002010371 0.001918965 0.001906688 0.001817029 0.001632953 0.001464298 0.001368666 0.001328601 0.00138189 0.001540405 0.001836307 0.00241423 0.003315323 0.005087361 0.008731433 0.01357908 0.01653444 0.01791516 0.01876043 -9999 -9999 -9999 -9999 -9999 -9999 -9999 -9999 -9999 -9999 -9999 -9999 -9999 -9999 -9999 -9999 -9999 -9999 -9999 -9999 -9999 -9999 -9999 -9999 -9999 -9999 -9999 -9999 -9999 -9999 -9999 -9999 -9999 -9999 -9999 -9999 -9999 -9999 -9999 -9999 -9999 -9999 -9999 
-9999 -9999 -9999 -9999 -9999 -9999 -9999 -9999 -9999 -9999 -9999 -9999 -9999 -9999 -9999 -9999 -9999 -9999 -9999 -9999 -9999 -9999 -9999 -9999 0.002175507 0.002231661 0.002215319 0.002261423 0.002215226 0.002003413 -9999 -9999 -9999 -9999 0.001683453 0.002030975 0.003136954 0.004468596 0.006199208 0.008990002 0.01231624 0.01735369 0.02031664 -9999 -9999 -9999 -9999 -9999 -9999 -9999 -9999 -9999 -9999 -9999 -9999 -9999 -9999 -9999 -9999 -9999 -9999 -9999 -9999 -9999 -9999 -9999 -9999 -9999 -9999 -9999 -9999 -9999 -9999 -9999 -9999 -9999 -9999 -9999 -9999 -9999 -9999 -9999 -9999 -9999 -9999 -9999 -9999 
-9999 -9999 -9999 -9999 -9999 -9999 -9999 -9999 -9999 -9999 -9999 -9999 -9999 -9999 -9999 -9999 -9999 -9999 -9999 -9999 -9999 -9999 -9999 -9999 0.002372956 0.0024579 0.002432059 0.002485839 0.002461636 0.002352058 0.002264705 0.00225204 -9999 -9999 -9999 -9999 0.00386867 0.005489219 0.007219025 0.008565459 0.01143401 0.01583785 -9999 -9999 -9999 -9999 -9999 -9999 -9999 -9999 -9999 -9999 -9999 -9999 -9999 -9999 -9999 -9999 -9999 -9999 -9999 -9999 -9999 -9999 -9999 -9999 -9999 -9999 -9999 -9999 -9999 -9999 -9999 -9999 -9999 -9999 -9999 -9999 -9999 -9999 -9999 -9999 -9999 -9999 -9999 -9999 -9999 
-9999 -9999 -9999 -9999 -9999 -9999 -9999 -9999 -9999 -9999 -9999 -9999 -9999 -9999 -9999 -9999 -9999 -9999 -9999 -9999 -9999 -9999 -9999 -9999 0.002595214 0.002620027 0.002645628 0.002666782 0.002726218 0.00268732 0.002739704 0.002733938 -9999 -9999 -9999 -9999 -9999 -9999 0.007507736 0.009568057 0.0116905 -9999 -9999 -9999 -9999 -9999 -9999 -9999 -9999 -9999 -9999 -9999 -9999 -9999 -9999 -9999 -9999 -9999 -9999 -9999 -9999 -9999 -9999 -9999 -9999 -9999 -9999 -9999 -9999 -9999 -9999 -9999 -9999 -9999 -9999 -9999 -9999 -9999 -9999 -9999 -9999 -9999 -9999 -9999 -9999 -9999 -9999 
-9999 -9999 -9999 -9999 -9999 -9999 -9999 -9999 -9999 -9999 -9999 -9999 -9999 -9999 -9999 -9999 -9999 -9999 -9999 -9999 -9999 -9999 -9999 -9999 -9999 0.002868856 0.002883192 0.00296986 0.002917286 0.002844143 0.002860931 0.002846215 0.002857487 -9999 -9999 -9999 -9999 -9999 -9999 -9999 -9999 -9999 -9999 -9999 -9999 -9999 -9999 -9999 -9999 -9999 -9999 -9999 -9999 -9999 -9999 -9999 -9999 -9999 -9999 -9999 -9999 -9999 -9999 -9999 -9999 -9999 -9999 -9999 -9999 -9999 -9999 -9999 -9999 -9999 -9999 -9999 -9999 -9999 -9999 -9999 -9999 -9999 -9999 -9999 -9999 -9999 -9999 
-9999 -9999 -9999 -9999 -9999 -9999 -9999 -9999 -9999 -9999 -9999 -9999 -9999 -9999 -9999 -9999 -9999 -9999 -9999 -9999 -9999 -9999 -9999 -9999 -9999 -9999 -9999 -9999 0.003150219 0.00308988 0.002981537 0.002807334 0.002943639 -9999 -9999 -9999 -9999 -9999 -9999 -9999 -9999 -9999 -9999 -9999 -9999 -9999 -9999 -9999 -9999 -9999 -9999 -9999 -9999 -9999 -9999 -9999 -9999 -9999 -9999 -9999 -9999 -9999 -9999 -9999 -9999 -9999 -9999 -9999 -9999 -9999 -9999 -9999 -9999 -9999 -9999 -9999 -9999 -9999 -9999 -9999 -9999 -9999 -9999 -9999 -9999 -9999 -9999 
-9999 -9999 -9999 -9999 -9999 -9999 -9999 -9999 -9999 -9999 -9999 -9999 -9999 -9999 -9999 -9999 -9999 -9999 -9999 -9999 -9999 -9999 -9999 -9999 -9999 -9999 -9999 -9999 -9999 -9999 0.003088065 0.003037501 -9999 -9999 -9999 -9999 -9999 -9999 -9999 -9999 -9999 -9999 -9999 -9999 -9999 -9999 -9999 -9999 -9999 -9999 -9999 -9999 -9999 -9999 -9999 -9999 -9999 -9999 -9999 -9999 -9999 -9999 -9999 -9999 -9999 -9999 -9999 -9999 -9999 -9999 -9999 -9999 -9999 -9999 -9999 -9999 -9999 -9999 -9999 -9999 -9999 -9999 -9999 -9999 -9999 -9999 -9999 
-9999 -9999 -9999 -9999 -9999 -9999 -9999 -9999 -9999 -9999 -9999 -9999 -9999 -9999 -9999 -9999 -9999 -9999 -9999 -9999 -9999 -9999 -9999 -9999 -9999 -9999 -9999 -9999 -9999 -9999 -9999 -9999 -9999 -9999 -9999 -9999 -9999 -9999 -9999 -9999 -9999 -9999 -9999 -9999 -9999 -9999 -9999 -9999 -9999 -9999 -9999 -9999 -9999 -9999 -9999 -9999 -9999 -9999 -9999 -9999 -9999 -9999 -9999 -9999 -9999 -9999 -9999 -9999 -9999 -9999 -9999 -9999 -9999 -9999 -9999 -9999 -9999 -9999 -9999 -9999 -9999 -9999 -9999 -9999 -9999 -9999 -9999 
