ncols         85
nrows         100
xllcorner     259469.5
yllcorner     3071412.5
cellsize      300
NODATA_value  -9999
-9999 -9999 -9999 -9999 -9999 -9999 -9999 -9999 -9999 -9999 -9999 -9999 -9999 -9999 -9999 -9999 -9999 -9999 -9999 -9999 -9999 -9999 -9999 -9999 -9999 -9999 -9999 -9999 -9999 -9999 -9999 -9999 -9999 -9999 -9999 -9999 -9999 -9999 -9999 -9999 -9999 -9999 -9999 -9999 -9999 -9999 -9999 -9999 -9999 -9999 -9999 -9999 6 6 6 -9999 -9999 -9999 -9999 -9999 -9999 -9999 -9999 -9999 -9999 -9999 -9999 -9999 -9999 -9999 -9999 -9999 -9999 -9999 -9999 -9999 -9999 -9999 -9999 -9999 -9999 -9999 -9999 -9999 -9999
-9999 -9999 -9999 -9999 -9999 -9999 -9999 -9999 -9999 -9999 -9999 -9999 -9999 -9999 -9999 -9999 -9999 -9999 -9999 -9999 -9999 -9999 -9999 -9999 -9999 -9999 -9999 -9999 -9999 -9999 -9999 -9999 -9999 -9999 -9999 -9999 -9999 -9999 -9999 -9999 -9999 -9999 -9999 -9999 -9999 -9999 -9999 -9999 -9999 -9999 -9999 -9999 4 6 6 -9999 -9999 -9999 -9999 -9999 -9999 -9999 -9999 -9999 -9999 -9999 -9999 -9999 -9999 -9999 -9999 -9999 -9999 -9999 -9999 -9999 -9999 -9999 -9999 -9999 -9999 -9999 -9999 -9999 -9999
-9999 -9999 -9999 -9999 -9999 -9999 -9999 -9999 -9999 -9999 -9999 -9999 -9999 -9999 -9999 -9999 -9999 -9999 -9999 -9999 -9999 -9999 -9999 -9999 -9999 -9999 -9999 -9999 -9999 -9999 -9999 -9999 -9999 -9999 -9999 -9999 -9999 -9999 -9999 -9999 -9999 -9999 -9999 -9999 -9999 -9999 -9999 -9999 -9999 -9999 -9999 -9999 4 6 6 6 -9999 -9999 -9999 -9999 -9999 -9999 6 -9999 -9999 -9999 -9999 -9999 -9999 -9999 -9999 -9999 -9999 -9999 -9999 -9999 -9999 -9999 -9999 -9999 -9999 -9999 -9999 -9999 -9999
-9999 -9999 -9999 -9999 -9999 -9999 -9999 -9999 -9999 -9999 -9999 -9999 -9999 -9999 -9999 -9999 -9999 -9999 -9999 -9999 -9999 -9999 -9999 -9999 -9999 -9999 -9999 -9999 -9999 -9999 -9999 -9999 -9999 -9999 -9999 -9999 -9999 -9999 -9999 -9999 -9999 -9999 -9999 -9999 -9999 -9999 -9999 -9999 -9999 -9999 -9999 -9999 6 6 6 6 6 6 -9999 -9999 -9999 4 6 4 5 5 4 6 6 -9999 -9999 -9999 -9999 -9999 -9999 -9999 -9999 -9999 -9999 -9999 -9999 -9999 -9999 -9999 -9999
-9999 -9999 -9999 -9999 -9999 -9999 -9999 -9999 -9999 -9999 -9999 -9999 -9999 -9999 -9999 -9999 -9999 -9999 -9999 -9999 -9999 -9999 -9999 -9999 -9999 -9999 -9999 -9999 -9999 -9999 -9999 -9999 -9999 -9999 -9999 -9999 -9999 -9999 -9999 -9999 -9999 -9999 -9999 -9999 -9999 -9999 -9999 -9999 -9999 -9999 -9999 -9999 -9999 6 6 6 6 6 6 6 4 4 4 6 5 5 4 4 5 6 6 6 -9999 -9999 -9999 -9999 -9999 -9999 -9999 -9999 -9999 -9999 -9999 -9999 -9999
-9999 -9999 -9999 -9999 -9999 -9999 -9999 -9999 -9999 -9999 -9999 -9999 -9999 -9999 -9999 -9999 -9999 -9999 -9999 -9999 -9999 -9999 -9999 -9999 -9999 -9999 -9999 -9999 -9999 -9999 -9999 -9999 -9999 -9999 -9999 -9999 -9999 -9999 -9999 -9999 -9999 -9999 -9999 -9999 -9999 -9999 -9999 -9999 -9999 -9999 -9999 -9999 -9999 6 6 6 6 6 6 9 6 6 6 4 4 4 4 4 4 5 6 6 3 -9999 -9999 -9999 -9999 -9999 -9999 -9999 -9999 -9999 -9999 -9999 -9999
-9999 -9999 -9999 -9999 -9999 -9999 -9999 -9999 -9999 -9999 -9999 -9999 -9999 -9999 -9999 -9999 -9999 -9999 -9999 -9999 -9999 -9999 -9999 -9999 -9999 -9999 -9999 -9999 -9999 -9999 -9999 -9999 -9999 -9999 -9999 -9999 -9999 -9999 -9999 -9999 -9999 -9999 -9999 -9999 -9999 -9999 -9999 -9999 -9999 -9999 -9999 -9999 -9999 6 6 6 6 6 3 4 6 6 6 4 4 4 4 4 2 4 6 6 9 3 -9999 -9999 -9999 -9999 -9999 -9999 -9999 -9999 -9999 -9999 -9999
-9999 -9999 -9999 -9999 -9999 -9999 -9999 -9999 -9999 -9999 -9999 -9999 -9999 -9999 -9999 -9999 -9999 -9999 -9999 -9999 -9999 -9999 -9999 -9999 -9999 -9999 -9999 -9999 -9999 -9999 -9999 -9999 -9999 -9999 -9999 -9999 -9999 -9999 -9999 -9999 -9999 -9999 -9999 -9999 -9999 -9999 -9999 -9999 -9999 -9999 -9999 -9999 -9999 6 6 6 6 6 3 6 6 6 4 4 4 4 4 4 4 4 4 6 6 6 -9999 -9999 -9999 -9999 -9999 -9999 -9999 -9999 -9999 -9999 -9999
-9999 -9999 -9999 -9999 -9999 -9999 -9999 -9999 -9999 -9999 -9999 -9999 -9999 -9999 -9999 -9999 -9999 -9999 -9999 -9999 -9999 -9999 -9999 -9999 -9999 -9999 -9999 -9999 -9999 -9999 -9999 -9999 -9999 -9999 -9999 -9999 -9999 -9999 -9999 -9999 -9999 -9999 -9999 -9999 -9999 -9999 -9999 -9999 -9999 -9999 -9999 -9999 -9999 6 6 6 4 6 2 6 4 4 4 4 4 4 4 4 4 4 4 4 4 4 4 -9999 -9999 -9999 -9999 -9999 -9999 -9999 -9999 -9999 -9999
-9999 -9999 -9999 -9999 -9999 -9999 -9999 -9999 -9999 -9999 -9999 -9999 -9999 -9999 -9999 -9999 -9999 -9999 -9999 -9999 -9999 -9999 -9999 -9999 -9999 -9999 -9999 -9999 -9999 -9999 -9999 -9999 -9999 -9999 -9999 -9999 -9999 -9999 -9999 -9999 -9999 -9999 -9999 -9999 -9999 -9999 9 6 3 -9999 -9999 -9999 -9999 6 6 6 4 2 4 4 4 4 4 4 4 4 4 4 4 4 4 4 4 4 6 6 -9999 -9999 -9999 -9999 -9999 -9999 -9999 -9999 -9999
-9999 -9999 -9999 -9999 -9999 -9999 -9999 -9999 -9999 -9999 -9999 -9999 -9999 -9999 -9999 -9999 -9999 -9999 -9999 -9999 -9999 -9999 -9999 -9999 -9999 -9999 -9999 -9999 -9999 -9999 -9999 -9999 -9999 -9999 -9999 -9999 -9999 -9999 -9999 -9999 -9999 -9999 -9999 -9999 -9999 6 3 3 6 3 3 3 -9999 3 6 4 4 4 2 2 4 4 4 4 4 4 4 4 4 4 4 4 4 5 5 6 -9999 -9999 -9999 -9999 -9999 -9999 -9999 -9999 -9999
-9999 -9999 -9999 -9999 -9999 -9999 -9999 -9999 -9999 -9999 -9999 -9999 -9999 -9999 -9999 -9999 -9999 -9999 -9999 -9999 -9999 -9999 -9999 -9999 -9999 -9999 -9999 -9999 -9999 -9999 -9999 -9999 -9999 -9999 -9999 -9999 -9999 -9999 -9999 -9999 -9999 -9999 -9999 -9999 3 3 3 3 4 6 6 6 3 3 3 4 4 4 4 3 2 4 4 4 4 4 4 4 4 4 4 4 4 5 5 3 -9999 -9999 -9999 -9999 -9999 -9999 -9999 -9999 -9999
-9999 -9999 -9999 -9999 -9999 -9999 -9999 -9999 -9999 -9999 -9999 -9999 -9999 -9999 -9999 -9999 -9999 -9999 -9999 -9999 -9999 -9999 -9999 -9999 -9999 -9999 -9999 -9999 -9999 -9999 -9999 -9999 -9999 -9999 -9999 -9999 -9999 -9999 -9999 -9999 -9999 -9999 -9999 -9999 3 3 3 2 2 3 2 6 6 6 4 4 4 4 4 3 4 4 4 4 4 4 4 4 4 4 4 4 2 3 3 4 -9999 -9999 -9999 -9999 -9999 -9999 -9999 -9999 -9999
-9999 -9999 -9999 -9999 -9999 -9999 -9999 -9999 -9999 -9999 -9999 -9999 -9999 -9999 -9999 -9999 -9999 -9999 -9999 -9999 -9999 -9999 -9999 -9999 -9999 -9999 -9999 -9999 -9999 -9999 -9999 -9999 -9999 -9999 -9999 -9999 -9999 -9999 -9999 -9999 -9999 -9999 -9999 3 6 3 2 2 2 2 6 2 4 4 4 4 4 4 4 3 2 4 4 4 4 4 4 4 4 4 4 4 9 3 1 3 -9999 -9999 -9999 -9999 -9999 -9999 -9999 -9999 -9999
-9999 -9999 -9999 -9999 -9999 -9999 -9999 -9999 -9999 -9999 -9999 -9999 -9999 -9999 -9999 -9999 -9999 -9999 -9999 -9999 -9999 -9999 -9999 -9999 -9999 -9999 -9999 -9999 -9999 -9999 -9999 6 6 9 9 6 -9999 -9999 -9999 -9999 -9999 -9999 9 3 6 6 3 2 2 2 2 4 4 4 4 4 4 4 4 2 2 4 4 4 4 4 4 4 4 4 4 4 9 6 6 9 -9999 -9999 -9999 -9999 -9999 -9999 -9999 -9999 -9999
-9999 -9999 -9999 -9999 -9999 -9999 -9999 -9999 -9999 -9999 -9999 -9999 -9999 -9999 -9999 -9999 -9999 -9999 -9999 -9999 -9999 -9999 -9999 -9999 -9999 -9999 -9999 -9999 -9999 -9999 4 6 2 2 6 3 9 9 9 9 9 9 4 6 6 6 6 6 2 2 4 4 4 4 4 4 4 4 4 3 3 4 4 4 4 4 4 4 4 4 4 4 6 6 9 3 6 -9999 -9999 -9999 -9999 -9999 -9999 -9999 -9999
-9999 -9999 -9999 -9999 -9999 -9999 -9999 -9999 -9999 -9999 -9999 -9999 -9999 -9999 -9999 -9999 -9999 -9999 -9999 -9999 -9999 -9999 -9999 -9999 -9999 -9999 -9999 -9999 -9999 -9999 6 4 2 3 4 4 9 9 9 6 9 6 6 3 6 6 6 6 2 2 3 4 4 4 4 4 4 4 4 3 3 4 4 4 4 4 4 4 4 4 4 4 4 9 2 5 6 -9999 -9999 -9999 -9999 -9999 -9999 -9999 -9999
-9999 -9999 -9999 -9999 -9999 -9999 -9999 -9999 -9999 -9999 -9999 -9999 -9999 -9999 -9999 -9999 -9999 -9999 -9999 -9999 -9999 -9999 -9999 -9999 -9999 -9999 -9999 -9999 2 2 4 4 4 3 3 6 6 9 4 3 4 4 4 6 6 6 6 5 2 2 2 2 4 4 4 4 4 4 4 3 4 4 4 4 4 4 4 4 4 4 4 4 4 1 3 3 3 -9999 -9999 -9999 -9999 -9999 -9999 -9999 -9999
-9999 -9999 -9999 -9999 -9999 -9999 -9999 -9999 -9999 -9999 -9999 -9999 -9999 -9999 -9999 -9999 -9999 -9999 -9999 -9999 -9999 -9999 -9999 -9999 -9999 -9999 4 2 2 2 4 4 4 3 3 9 4 9 4 2 2 2 6 6 6 2 5 5 2 2 2 2 4 4 4 4 4 4 4 4 2 4 4 4 4 4 4 4 4 4 4 4 4 6 5 3 3 -9999 -9999 -9999 -9999 -9999 -9999 -9999 -9999
-9999 -9999 -9999 -9999 -9999 -9999 -9999 -9999 -9999 -9999 -9999 -9999 -9999 -9999 -9999 -9999 -9999 -9999 -9999 -9999 -9999 2 2 3 3 6 4 2 2 2 3 4 4 4 4 3 6 3 3 3 4 4 2 6 6 6 4 4 4 2 2 4 4 4 4 4 4 4 4 4 3 4 4 4 4 4 4 4 4 4 4 4 4 5 6 9 -9999 -9999 -9999 -9999 -9999 -9999 -9999 -9999 -9999
-9999 -9999 -9999 -9999 -9999 -9999 -9999 -9999 -9999 -9999 -9999 -9999 -9999 -9999 -9999 -9999 -9999 -9999 -9999 -9999 2 2 6 3 3 3 3 3 2 2 2 4 4 4 4 4 3 2 2 2 5 2 2 4 4 4 4 4 4 4 4 4 4 4 4 4 4 4 4 4 4 4 4 4 4 4 4 4 4 4 4 4 5 5 6 1 -9999 -9999 -9999 -9999 -9999 -9999 -9999 -9999 -9999
-9999 -9999 -9999 -9999 -9999 -9999 -9999 -9999 -9999 -9999 -9999 -9999 -9999 -9999 -9999 -9999 -9999 -9999 -9999 -9999 2 9 2 3 3 3 3 3 2 2 4 4 4 4 4 4 4 2 2 4 4 4 4 4 4 4 4 4 4 4 4 4 4 4 4 4 4 4 4 4 4 4 4 4 4 4 4 4 4 4 4 4 5 6 6 -9999 -9999 -9999 -9999 -9999 -9999 -9999 -9999 -9999 -9999
-9999 -9999 -9999 -9999 -9999 -9999 -9999 -9999 -9999 -9999 -9999 -9999 -9999 -9999 -9999 -9999 -9999 -9999 -9999 2 2 9 6 6 2 9 6 3 2 2 4 4 4 4 4 4 4 4 4 4 4 4 4 4 4 4 4 4 4 4 4 4 4 4 4 4 4 4 4 4 4 4 4 4 4 4 4 4 4 4 4 5 5 6 6 -9999 -9999 -9999 -9999 -9999 -9999 -9999 -9999 -9999 -9999
-9999 -9999 -9999 -9999 -9999 -9999 -9999 -9999 -9999 -9999 -9999 -9999 -9999 -9999 -9999 -9999 -9999 2 2 6 6 2 6 2 2 6 3 2 2 3 4 4 4 4 4 4 4 4 4 4 4 4 4 4 4 4 4 4 4 4 4 4 4 4 4 4 4 4 4 4 4 4 4 4 4 4 4 4 4 4 4 5 5 3 3 3 -9999 -9999 -9999 -9999 -9999 -9999 -9999 -9999 -9999
-9999 -9999 -9999 -9999 -9999 -9999 -9999 -9999 -9999 -9999 -9999 -9999 -9999 -9999 -9999 -9999 2 2 6 9 2 2 2 2 2 6 3 3 3 2 4 4 4 4 4 4 4 4 4 4 4 4 4 4 4 4 4 4 4 4 4 4 4 4 4 4 4 4 4 4 4 4 4 4 4 4 4 4 4 4 4 5 3 3 3 3 6 -9999 -9999 -9999 -9999 -9999 -9999 -9999 -9999
-9999 -9999 -9999 -9999 -9999 -9999 -9999 -9999 -9999 -9999 -9999 -9999 -9999 -9999 -9999 6 6 6 2 2 2 2 2 2 2 3 3 3 3 6 4 4 4 4 4 4 4 4 4 4 4 4 4 4 4 4 4 4 4 4 4 4 4 4 4 4 4 4 5 4 4 4 4 5 5 5 4 4 4 4 4 4 4 3 3 3 1 -9999 -9999 -9999 -9999 -9999 -9999 -9999 -9999
-9999 -9999 -9999 -9999 -9999 -9999 -9999 -9999 -9999 -9999 -9999 -9999 -9999 -9999 -9999 6 6 2 2 2 2 2 2 6 9 2 3 3 6 6 4 4 4 4 4 4 4 4 4 4 4 4 4 4 4 4 4 4 4 4 4 4 4 4 4 4 4 4 5 5 4 4 5 5 5 4 4 4 4 4 4 4 4 4 3 3 3 1 -9999 -9999 -9999 -9999 -9999 -9999 -9999
-9999 -9999 -9999 -9999 -9999 -9999 -9999 -9999 -9999 -9999 -9999 -9999 -9999 -9999 6 6 6 2 6 6 6 6 6 6 9 3 3 3 6 6 4 4 4 4 4 4 2 4 4 4 4 4 4 4 4 4 4 4 4 5 5 4 4 4 4 4 4 4 4 4 4 4 4 4 4 5 5 4 4 4 4 4 4 4 4 4 4 3 -9999 -9999 -9999 -9999 -9999 -9999 -9999
-9999 -9999 -9999 -9999 -9999 -9999 -9999 -9999 6 6 6 6 2 2 6 6 6 6 6 6 6 6 6 9 9 9 3 3 6 3 6 3 6 4 4 4 4 4 4 4 4 4 4 4 4 4 4 4 7 7 5 4 4 4 4 4 4 4 4 4 4 4 4 4 5 5 4 4 4 4 4 4 4 5 5 5 5 6 -9999 -9999 -9999 -9999 -9999 -9999 -9999
-9999 -9999 -9999 -9999 -9999 -9999 -9999 6 6 6 6 6 2 2 2 6 6 6 6 6 6 6 6 9 9 9 9 6 3 3 4 4 3 2 4 4 4 4 4 4 4 4 4 4 4 4 5 5 5 5 4 4 4 4 4 4 4 4 4 4 4 4 4 4 5 4 4 4 4 4 4 4 6 6 5 5 5 1 -9999 -9999 -9999 -9999 -9999 -9999 -9999
-9999 -9999 -9999 -9999 -9999 -9999 6 6 6 6 6 2 6 2 2 2 6 6 6 6 6 2 2 2 3 6 9 3 9 9 6 4 3 2 2 4 4 4 4 4 4 4 4 4 4 4 5 5 5 5 4 4 4 4 4 5 5 1 4 4 4 4 4 4 4 4 4 4 4 4 4 4 4 5 9 1 5 -9999 -9999 -9999 -9999 -9999 -9999 -9999 -9999
-9999 -9999 -9999 -9999 -9999 -9999 6 6 6 6 2 3 6 2 2 2 6 6 6 9 9 6 2 2 9 9 6 9 9 9 6 3 3 2 2 2 2 4 4 4 4 4 4 4 4 5 5 5 5 4 4 4 4 4 4 7 4 1 4 4 4 4 4 4 4 4 4 4 4 4 4 4 4 4 3 3 -9999 -9999 -9999 -9999 -9999 -9999 -9999 -9999 -9999
-9999 -9999 -9999 -9999 -9999 6 6 6 6 6 2 4 3 3 2 2 6 6 6 9 9 2 6 2 3 9 9 6 6 6 3 2 2 2 2 2 2 4 4 4 5 5 4 4 4 5 5 5 5 5 4 4 5 5 5 7 7 4 4 4 4 4 4 4 4 4 4 4 4 4 4 4 4 4 1 3 6 -9999 -9999 -9999 -9999 -9999 -9999 -9999 -9999
-9999 -9999 -9999 -9999 -9999 6 6 6 6 6 3 3 4 6 6 2 2 9 9 2 2 2 2 4 2 2 6 6 3 3 2 2 2 2 2 2 4 4 4 4 4 5 5 4 5 5 5 5 5 5 5 5 5 5 5 5 4 4 4 4 4 4 4 4 4 4 4 4 4 4 4 4 4 5 5 5 1 3 -9999 -9999 -9999 -9999 -9999 -9999 -9999
-9999 -9999 -9999 -9999 -9999 6 6 6 6 6 4 6 3 6 2 2 2 2 2 2 2 2 2 2 4 3 2 3 2 4 2 4 2 2 2 6 6 6 4 4 4 4 5 5 5 5 5 5 5 5 5 7 7 1 5 5 4 4 4 4 4 4 4 4 4 4 4 4 4 4 3 3 4 5 5 5 3 1 -9999 -9999 -9999 -9999 -9999 -9999 -9999
-9999 -9999 -9999 -9999 -9999 6 6 6 3 3 3 3 6 6 2 2 2 2 2 2 2 2 2 3 6 3 3 4 6 6 6 6 6 2 6 6 6 4 6 4 4 4 4 5 5 5 5 5 5 7 7 5 4 4 4 4 4 4 4 4 4 4 5 4 4 4 4 4 4 3 3 3 3 5 5 5 1 -9999 -9999 -9999 -9999 -9999 -9999 -9999 -9999
-9999 -9999 -9999 -9999 -9999 3 6 6 3 3 3 3 3 3 2 2 2 2 2 2 2 2 2 2 2 3 3 3 3 3 3 3 3 3 3 3 2 2 2 3 4 4 4 4 8 4 5 5 5 7 8 4 4 4 4 4 4 4 4 5 4 4 4 4 4 4 4 4 4 3 3 3 5 3 3 3 -9999 -9999 -9999 -9999 -9999 -9999 -9999 -9999 -9999
-9999 -9999 -9999 -9999 3 4 4 6 3 3 3 3 3 2 2 2 2 2 2 2 3 2 2 2 2 2 3 3 3 3 3 3 3 3 3 2 2 2 2 2 4 4 4 4 5 5 5 5 5 5 4 4 4 4 4 4 4 4 5 4 4 4 4 4 4 4 4 4 4 4 3 1 1 3 3 3 3 1 3 -9999 -9999 -9999 -9999 -9999 -9999
-9999 -9999 -9999 -9999 4 4 3 3 6 2 2 3 2 2 2 2 2 2 2 2 2 2 2 2 2 3 3 3 2 3 3 3 3 3 4 2 2 4 8 4 4 4 4 4 5 5 5 5 5 4 4 4 4 4 4 4 4 4 4 4 4 4 4 4 4 4 4 4 4 4 4 5 3 3 3 3 3 6 1 -9999 -9999 -9999 -9999 -9999 -9999
-9999 -9999 -9999 -9999 6 3 2 2 2 2 2 6 6 2 2 2 2 9 9 2 2 2 2 6 3 3 3 2 2 2 3 3 3 3 4 2 3 8 8 8 8 4 4 4 4 5 5 5 4 4 4 5 5 4 4 4 4 4 4 4 4 4 4 4 4 4 4 4 4 4 4 4 3 3 3 3 1 6 -9999 -9999 -9999 -9999 -9999 -9999 -9999
-9999 -9999 -9999 6 6 2 2 2 2 2 2 2 9 6 6 9 9 9 9 6 3 3 3 3 2 3 2 9 2 3 3 3 3 3 4 3 8 8 8 8 8 8 4 4 4 5 5 5 4 5 5 5 5 4 4 4 4 4 4 4 4 4 4 4 4 4 4 4 4 4 4 4 4 3 5 5 5 1 1 1 -9999 -9999 -9999 -9999 -9999
-9999 -9999 -9999 2 3 6 6 2 2 2 2 2 6 9 9 6 3 6 2 3 3 3 3 3 6 3 2 3 3 3 3 3 3 3 2 2 4 4 4 8 8 8 4 4 5 5 5 4 5 5 5 5 5 4 4 4 4 4 4 4 4 4 4 4 4 4 4 4 4 4 4 4 4 5 5 5 3 1 1 1 1 3 -9999 -9999 -9999
-9999 -9999 -9999 -9999 2 6 6 6 6 2 2 6 6 6 3 6 2 6 3 3 3 2 2 2 4 2 3 3 3 3 3 3 3 3 4 4 4 4 4 4 4 4 4 4 5 5 1 4 5 5 5 5 5 4 4 4 4 4 4 4 4 4 4 4 4 4 4 4 4 4 4 4 4 3 3 3 3 3 1 1 1 1 -9999 -9999 -9999
-9999 -9999 -9999 -9999 2 6 6 2 2 2 2 2 6 2 2 2 2 2 6 3 3 2 2 6 6 6 2 6 6 6 4 4 4 3 6 4 4 4 4 4 4 4 4 5 5 7 4 4 5 5 1 4 5 5 4 4 4 4 4 4 5 7 4 4 4 3 3 3 4 4 4 4 4 4 3 3 3 3 1 1 1 1 -9999 -9999 -9999
-9999 -9999 -9999 -9999 4 6 2 2 2 2 2 2 2 2 2 2 3 3 3 2 3 2 2 6 6 5 6 6 6 5 2 2 5 5 4 4 4 4 4 3 3 4 5 5 5 4 4 4 5 4 1 4 4 4 4 4 4 4 4 4 3 7 4 4 3 3 3 3 3 4 4 4 4 4 3 3 3 3 1 1 1 -9999 -9999 -9999 -9999
-9999 -9999 -9999 -9999 6 3 3 2 2 2 2 2 2 2 2 2 3 3 2 2 3 2 6 6 6 4 5 6 6 4 3 3 4 4 4 4 4 3 3 3 5 5 7 5 4 4 4 5 5 4 1 4 4 4 4 4 4 4 4 4 3 3 4 4 3 3 3 3 3 3 4 4 4 4 4 5 5 1 1 1 -9999 -9999 -9999 -9999 -9999
-9999 -9999 -9999 -9999 6 3 3 4 2 2 3 3 9 9 2 3 3 3 2 6 2 2 6 6 6 4 6 5 3 4 3 3 3 4 4 3 3 3 7 5 5 5 7 4 4 4 5 5 4 4 1 4 4 4 4 4 4 4 4 3 3 3 4 3 3 3 3 3 3 3 4 4 4 4 4 4 5 5 1 1 -9999 -9999 -9999 -9999 -9999
-9999 -9999 -9999 -9999 -9999 6 3 -9999 -9999 -9999 3 6 6 9 6 3 3 3 3 4 4 6 6 6 6 3 5 3 3 3 3 3 3 3 3 3 3 7 5 4 5 5 4 4 4 5 5 4 5 4 1 4 4 4 4 4 4 4 3 3 3 3 4 3 3 3 3 3 3 3 3 4 4 4 4 4 5 3 1 1 -9999 -9999 -9999 -9999 -9999
-9999 -9999 -9999 -9999 -9999 -9999 -9999 -9999 -9999 -9999 -9999 6 6 2 3 3 3 6 6 6 4 6 6 6 6 6 3 3 3 3 3 3 3 3 3 3 3 4 4 4 4 4 4 4 4 5 5 4 4 4 4 4 4 4 4 4 4 2 3 3 3 3 5 3 3 3 3 3 3 3 3 3 3 3 4 5 5 3 3 -9999 -9999 -9999 -9999 -9999 -9999
-9999 -9999 -9999 -9999 -9999 -9999 -9999 -9999 -9999 -9999 -9999 -9999 3 3 3 3 3 6 6 6 5 6 6 6 6 6 3 3 3 3 3 3 3 3 4 5 4 4 4 4 5 4 4 4 4 5 5 4 4 4 4 4 4 4 4 4 4 4 4 4 3 4 3 3 3 3 3 3 3 3 3 3 3 3 3 5 5 1 -9999 -9999 -9999 -9999 -9999 -9999 -9999
-9999 -9999 -9999 -9999 -9999 -9999 -9999 -9999 -9999 -9999 -9999 -9999 -9999 4 3 3 3 6 6 6 3 3 6 6 6 3 3 3 3 3 2 2 3 4 4 3 4 4 4 4 5 5 5 4 4 5 5 5 4 4 7 4 4 4 4 4 7 4 4 4 4 3 3 3 3 3 5 3 3 3 3 3 3 3 3 3 3 3 1 -9999 -9999 -9999 -9999 -9999 -9999
-9999 -9999 -9999 -9999 -9999 -9999 -9999 -9999 -9999 -9999 -9999 -9999 -9999 2 4 3 4 6 6 6 6 3 6 6 6 3 3 3 3 2 2 2 4 2 2 4 4 4 4 5 5 5 5 5 5 5 5 5 5 5 5 4 4 4 4 4 4 4 4 4 4 4 3 3 3 5 4 4 3 3 3 3 3 3 3 3 3 3 3 3 -9999 -9999 -9999 -9999 -9999
-9999 -9999 -9999 -9999 -9999 -9999 -9999 -9999 -9999 -9999 -9999 -9999 -9999 2 2 4 4 6 6 6 6 3 6 6 3 3 3 3 2 2 2 2 2 3 4 4 4 5 5 5 5 5 5 5 5 5 5 5 5 5 7 4 4 4 4 4 4 4 4 4 4 4 4 4 4 4 4 4 4 3 3 3 3 3 3 3 3 3 3 3 -9999 -9999 -9999 -9999 -9999
-9999 -9999 -9999 -9999 -9999 -9999 -9999 -9999 -9999 -9999 -9999 -9999 6 2 3 3 6 6 6 6 6 9 2 6 2 3 3 2 2 3 4 6 4 4 4 4 5 5 7 7 7 5 5 5 5 5 5 5 5 5 5 4 4 4 4 4 4 4 4 4 4 4 4 4 4 4 4 4 4 4 5 3 3 3 3 3 3 3 3 3 -9999 -9999 -9999 -9999 -9999
-9999 -9999 -9999 -9999 -9999 -9999 -9999 -9999 -9999 -9999 -9999 -9999 6 6 2 3 6 6 6 6 2 9 9 2 3 3 3 2 3 3 2 6 2 4 4 4 5 5 5 7 7 5 5 5 5 5 5 5 5 5 5 5 4 5 7 5 4 4 4 4 3 3 3 3 4 4 4 4 4 4 4 3 3 3 3 3 3 1 1 -9999 -9999 -9999 -9999 -9999 -9999
-9999 -9999 -9999 -9999 -9999 -9999 -9999 -9999 -9999 -9999 -9999 -9999 -9999 6 6 2 2 2 2 2 6 6 9 3 3 3 3 3 6 2 2 2 3 2 4 4 5 5 5 5 5 5 5 5 5 5 5 5 5 5 5 5 5 7 7 4 5 4 4 4 3 3 3 3 3 3 4 4 4 4 4 4 5 3 3 3 1 6 -9999 -9999 -9999 -9999 -9999 -9999 -9999
-9999 -9999 -9999 -9999 -9999 -9999 -9999 -9999 -9999 -9999 -9999 -9999 -9999 -9999 6 2 2 2 2 3 6 9 2 2 3 3 3 2 2 2 3 8 8 4 4 4 5 5 5 5 5 5 5 5 5 5 5 5 5 5 5 5 5 5 5 5 5 4 4 4 4 3 3 3 3 3 3 4 4 4 5 5 5 3 3 1 3 -9999 -9999 -9999 -9999 -9999 -9999 -9999 -9999
-9999 -9999 -9999 -9999 -9999 -9999 -9999 -9999 -9999 -9999 -9999 -9999 -9999 -9999 -9999 6 6 2 2 6 9 6 2 2 3 3 3 2 5 3 4 8 8 8 4 4 4 5 5 5 5 5 5 5 5 5 5 5 5 5 5 5 5 5 5 5 5 4 4 4 4 3 3 3 3 3 3 4 4 5 5 3 3 1 1 1 -9999 -9999 -9999 -9999 -9999 -9999 -9999 -9999 -9999
-9999 -9999 -9999 -9999 -9999 -9999 -9999 -9999 -9999 -9999 -9999 -9999 -9999 -9999 -9999 -9999 6 6 2 6 6 9 2 3 3 3 4 4 3 2 8 8 8 8 4 4 4 4 5 5 5 5 5 5 5 5 7 7 5 5 5 5 5 5 5 5 4 4 4 4 4 4 3 3 3 3 3 3 5 5 3 3 3 1 1 -9999 -9999 -9999 -9999 -9999 -9999 -9999 -9999 -9999 -9999
-9999 -9999 -9999 -9999 -9999 -9999 -9999 -9999 -9999 -9999 -9999 -9999 -9999 -9999 -9999 -9999 -9999 -9999 -9999 9 9 9 4 3 3 6 6 6 2 2 3 6 8 8 4 4 4 4 4 5 5 5 5 5 5 5 7 5 5 5 5 5 5 5 5 5 5 4 4 4 4 4 3 3 3 3 3 3 3 3 3 3 3 1 -9999 -9999 -9999 -9999 -9999 -9999 -9999 -9999 -9999 -9999 -9999
-9999 -9999 -9999 -9999 -9999 -9999 -9999 -9999 -9999 -9999 -9999 -9999 -9999 -9999 -9999 -9999 -9999 6 6 6 6 2 3 3 3 2 2 2 2 2 4 4 4 4 4 4 1 4 4 1 5 5 5 5 5 5 7 5 5 5 5 5 5 5 5 5 5 1 5 7 4 4 3 3 3 3 3 3 3 3 3 3 3 -9999 -9999 -9999 -9999 -9999 -9999 -9999 -9999 -9999 -9999 -9999 -9999
-9999 -9999 -9999 -9999 -9999 -9999 -9999 -9999 -9999 -9999 -9999 -9999 -9999 -9999 -9999 6 6 6 6 2 2 3 3 3 2 2 2 2 3 4 4 4 4 4 4 4 1 5 5 4 5 5 5 5 5 5 7 5 5 5 5 5 5 5 5 5 5 1 7 1 5 5 5 3 3 3 3 3 3 3 3 3 -9999 -9999 -9999 -9999 -9999 -9999 -9999 -9999 -9999 -9999 -9999 -9999 -9999
-9999 -9999 -9999 -9999 -9999 -9999 -9999 -9999 -9999 -9999 -9999 -9999 -9999 -9999 6 6 6 6 2 2 2 3 3 2 2 2 2 2 4 4 4 4 4 4 4 5 5 1 5 1 5 5 5 5 5 7 5 5 5 5 5 5 5 4 4 5 4 4 7 1 4 4 4 4 5 3 3 3 3 3 3 2 1 -9999 -9999 -9999 -9999 -9999 -9999 -9999 -9999 -9999 -9999 -9999 -9999
-9999 -9999 -9999 -9999 -9999 -9999 -9999 -9999 -9999 -9999 -9999 -9999 -9999 -9999 6 6 6 2 2 2 2 3 2 2 2 2 4 4 6 6 4 4 2 3 5 4 4 4 5 1 5 5 5 5 5 5 5 5 5 5 5 5 5 4 5 7 4 4 7 4 4 4 4 4 5 3 3 3 3 3 3 1 9 2 -9999 -9999 -9999 -9999 -9999 -9999 -9999 -9999 -9999 -9999 -9999
-9999 -9999 -9999 -9999 -9999 -9999 -9999 -9999 -9999 -9999 -9999 -9999 -9999 -9999 -9999 6 2 2 2 2 3 2 2 2 4 3 4 4 4 6 5 4 2 2 3 4 4 4 4 5 5 5 5 5 5 5 5 5 5 5 5 5 1 4 3 3 4 4 5 4 4 4 4 4 4 3 3 3 3 3 3 3 2 6 -9999 -9999 -9999 -9999 -9999 -9999 -9999 -9999 -9999 -9999 -9999
-9999 -9999 -9999 -9999 -9999 -9999 -9999 -9999 -9999 -9999 -9999 -9999 -9999 -9999 6 9 2 2 3 3 3 2 2 3 4 4 4 4 4 6 6 2 2 2 4 4 4 5 1 5 5 5 5 5 5 5 5 5 5 5 5 7 5 4 4 4 4 4 4 4 4 4 4 4 4 3 3 3 3 3 3 6 6 6 -9999 -9999 -9999 -9999 -9999 -9999 -9999 -9999 -9999 -9999 -9999
-9999 -9999 -9999 -9999 -9999 -9999 -9999 -9999 -9999 -9999 -9999 -9999 -9999 -9999 6 2 2 2 3 6 6 2 3 3 3 4 4 4 4 2 2 2 2 2 4 4 5 5 5 5 5 5 5 5 5 5 7 7 4 4 7 7 5 4 4 4 4 4 4 4 4 3 3 5 3 3 3 3 3 3 6 6 6 -9999 -9999 -9999 -9999 -9999 -9999 -9999 -9999 -9999 -9999 -9999 -9999
-9999 -9999 -9999 -9999 -9999 -9999 -9999 -9999 -9999 -9999 -9999 -9999 -9999 -9999 2 2 2 2 2 3 3 2 3 3 3 4 4 4 4 4 2 2 2 3 4 5 5 5 5 5 5 5 5 5 5 4 4 4 4 4 7 7 4 4 4 4 4 4 4 4 3 3 3 3 3 3 3 3 3 6 6 6 -9999 -9999 -9999 -9999 -9999 -9999 -9999 -9999 -9999 -9999 -9999 -9999 -9999
-9999 -9999 -9999 -9999 -9999 -9999 -9999 -9999 -9999 -9999 -9999 -9999 -9999 -9999 2 2 2 2 3 3 3 3 2 3 3 4 4 4 3 3 2 2 2 4 4 5 5 5 5 5 5 5 5 5 5 4 4 4 4 3 3 7 4 4 4 4 4 4 3 3 3 3 3 3 3 3 3 3 1 1 -9999 -9999 -9999 -9999 -9999 -9999 -9999 -9999 -9999 -9999 -9999 -9999 -9999 -9999 -9999
-9999 -9999 -9999 -9999 -9999 -9999 -9999 -9999 -9999 -9999 -9999 -9999 -9999 -9999 6 2 2 3 3 3 3 3 3 6 6 4 4 3 3 3 3 2 4 3 2 5 5 5 5 5 5 5 5 5 5 4 4 4 3 5 3 4 4 4 4 4 4 4 3 3 3 3 3 3 3 3 3 3 2 -9999 -9999 -9999 -9999 -9999 -9999 -9999 -9999 -9999 -9999 -9999 -9999 -9999 -9999 -9999 -9999
-9999 -9999 -9999 -9999 -9999 -9999 -9999 -9999 -9999 -9999 -9999 -9999 -9999 -9999 6 2 2 2 3 3 3 3 3 3 6 6 3 3 3 3 3 3 3 3 2 4 5 5 5 5 5 5 5 5 5 7 7 5 3 4 4 4 4 4 4 4 4 5 3 3 3 3 3 3 3 3 3 3 6 -9999 -9999 -9999 -9999 -9999 -9999 -9999 -9999 -9999 -9999 -9999 -9999 -9999 -9999 -9999 -9999
-9999 -9999 -9999 -9999 -9999 -9999 -9999 -9999 -9999 -9999 -9999 -9999 -9999 -9999 6 2 2 2 2 3 3 3 3 3 3 4 3 3 3 3 3 3 3 3 3 5 5 5 4 4 5 5 5 5 5 7 4 4 4 4 4 4 4 4 3 3 3 3 3 3 3 3 3 3 3 3 3 9 9 -9999 -9999 -9999 -9999 -9999 -9999 -9999 -9999 -9999 -9999 -9999 -9999 -9999 -9999 -9999 -9999
-9999 -9999 -9999 -9999 -9999 -9999 -9999 -9999 -9999 -9999 -9999 -9999 -9999 -9999 -9999 6 2 2 2 2 3 3 3 3 3 3 3 3 3 3 3 3 3 3 4 5 5 5 4 4 5 5 5 5 5 5 4 4 4 4 4 4 4 3 3 3 3 3 3 3 3 3 3 3 3 2 6 1 -9999 -9999 -9999 -9999 -9999 -9999 -9999 -9999 -9999 -9999 -9999 -9999 -9999 -9999 -9999 -9999 -9999
-9999 -9999 -9999 -9999 -9999 -9999 -9999 -9999 -9999 -9999 -9999 -9999 -9999 -9999 -9999 6 6 -9999 -9999 -9999 2 2 2 3 3 3 3 3 3 3 3 3 2 2 2 4 5 5 4 4 5 5 5 5 5 5 7 4 4 4 4 4 3 3 3 3 3 3 3 3 3 3 3 3 3 3 6 -9999 -9999 -9999 -9999 -9999 -9999 -9999 -9999 -9999 -9999 -9999 -9999 -9999 -9999 -9999 -9999 -9999 -9999
-9999 -9999 -9999 -9999 -9999 -9999 -9999 -9999 -9999 -9999 -9999 -9999 -9999 -9999 -9999 -9999 -9999 -9999 -9999 -9999 -9999 2 3 2 2 3 3 3 3 3 3 2 2 2 2 4 5 5 4 4 5 4 5 5 5 5 5 4 4 4 4 4 4 3 4 4 4 3 3 3 3 3 3 3 3 -9999 -9999 -9999 -9999 -9999 -9999 -9999 -9999 -9999 -9999 -9999 -9999 -9999 -9999 -9999 -9999 -9999 -9999 -9999 -9999
-9999 -9999 -9999 -9999 -9999 -9999 -9999 -9999 -9999 -9999 -9999 -9999 -9999 -9999 -9999 -9999 -9999 -9999 -9999 -9999 -9999 2 3 2 2 6 6 3 6 3 3 3 2 2 4 4 5 5 4 4 4 1 4 5 5 5 4 4 4 4 4 4 4 4 4 4 4 6 3 3 3 3 3 3 -9999 -9999 -9999 -9999 -9999 -9999 -9999 -9999 -9999 -9999 -9999 -9999 -9999 -9999 -9999 -9999 -9999 -9999 -9999 -9999 -9999
-9999 -9999 -9999 -9999 -9999 -9999 -9999 -9999 -9999 -9999 -9999 -9999 -9999 -9999 -9999 -9999 -9999 -9999 -9999 -9999 -9999 2 3 2 2 6 3 2 2 3 3 3 2 2 2 4 5 5 4 4 4 5 4 5 5 4 4 4 4 4 4 4 4 4 4 5 5 5 3 3 3 3 3 -9999 -9999 -9999 -9999 -9999 -9999 -9999 -9999 -9999 -9999 -9999 -9999 -9999 -9999 -9999 -9999 -9999 -9999 -9999 -9999 -9999 -9999
-9999 -9999 -9999 -9999 -9999 -9999 -9999 -9999 -9999 -9999 -9999 -9999 -9999 -9999 -9999 -9999 -9999 -9999 -9999 -9999 -9999 3 2 2 6 2 2 2 2 3 3 3 3 2 2 2 5 5 4 4 4 1 1 4 4 4 4 4 4 4 4 4 4 4 6 6 5 5 3 3 3 3 -9999 -9999 -9999 -9999 -9999 -9999 -9999 -9999 -9999 -9999 -9999 -9999 -9999 -9999 -9999 -9999 -9999 -9999 -9999 -9999 -9999 -9999 -9999
-9999 -9999 -9999 -9999 -9999 -9999 -9999 -9999 -9999 -9999 -9999 -9999 -9999 -9999 -9999 -9999 -9999 -9999 -9999 -9999 -9999 -9999 2 2 6 6 2 2 2 3 3 3 3 3 3 5 5 5 5 4 4 4 4 4 4 4 4 4 4 4 4 4 4 6 6 6 3 5 6 3 3 3 -9999 -9999 -9999 -9999 -9999 -9999 -9999 -9999 -9999 -9999 -9999 -9999 -9999 -9999 -9999 -9999 -9999 -9999 -9999 -9999 -9999 -9999 -9999
-9999 -9999 -9999 -9999 -9999 -9999 -9999 -9999 -9999 -9999 -9999 -9999 -9999 -9999 -9999 -9999 -9999 -9999 -9999 -9999 -9999 -9999 2 2 6 6 2 2 3 3 3 3 3 3 3 5 5 5 5 4 4 4 4 4 4 4 4 4 4 4 4 4 6 6 6 3 3 3 3 6 2 -9999 -9999 -9999 -9999 -9999 -9999 -9999 -9999 -9999 -9999 -9999 -9999 -9999 -9999 -9999 -9999 -9999 -9999 -9999 -9999 -9999 -9999 -9999 -9999
-9999 -9999 -9999 -9999 -9999 -9999 -9999 -9999 -9999 -9999 -9999 -9999 -9999 -9999 -9999 -9999 -9999 -9999 -9999 -9999 -9999 -9999 2 6 6 2 9 3 3 3 3 3 2 2 2 4 4 4 3 4 4 4 4 4 4 4 4 4 4 4 4 4 5 6 3 3 3 6 5 -9999 -9999 -9999 -9999 -9999 -9999 -9999 -9999 -9999 -9999 -9999 -9999 -9999 -9999 -9999 -9999 -9999 -9999 -9999 -9999 -9999 -9999 -9999 -9999 -9999 -9999
-9999 -9999 -9999 -9999 -9999 -9999 -9999 -9999 -9999 -9999 -9999 -9999 -9999 -9999 -9999 -9999 -9999 -9999 -9999 -9999 -9999 -9999 -9999 2 2 9 3 3 3 3 3 2 3 2 4 4 4 4 4 4 4 4 4 4 4 4 4 4 4 4 4 4 6 3 3 -9999 -9999 -9999 -9999 -9999 -9999 -9999 -9999 -9999 -9999 -9999 -9999 -9999 -9999 -9999 -9999 -9999 -9999 -9999 -9999 -9999 -9999 -9999 -9999 -9999 -9999 -9999 -9999 -9999 -9999
-9999 -9999 -9999 -9999 -9999 -9999 -9999 -9999 -9999 -9999 -9999 -9999 -9999 -9999 -9999 -9999 -9999 -9999 -9999 -9999 -9999 -9999 -9999 2 2 3 3 3 3 3 3 2 3 4 4 4 4 4 4 4 4 4 4 4 4 4 4 4 4 4 4 3 -9999 -9999 -9999 -9999 -9999 -9999 -9999 -9999 -9999 -9999 -9999 -9999 -9999 -9999 -9999 -9999 -9999 -9999 -9999 -9999 -9999 -9999 -9999 -9999 -9999 -9999 -9999 -9999 -9999 -9999 -9999 -9999 -9999
-9999 -9999 -9999 -9999 -9999 -9999 -9999 -9999 -9999 -9999 -9999 -9999 -9999 -9999 -9999 -9999 -9999 -9999 -9999 -9999 -9999 -9999 2 3 3 3 3 3 3 3 3 3 4 4 4 4 4 4 4 4 4 4 4 4 4 4 4 4 4 4 3 3 -9999 -9999 -9999 -9999 -9999 -9999 -9999 -9999 -9999 -9999 -9999 -9999 -9999 -9999 -9999 -9999 -9999 -9999 -9999 -9999 -9999 -9999 -9999 -9999 -9999 -9999 -9999 -9999 -9999 -9999 -9999 -9999 -9999
-9999 -9999 -9999 -9999 -9999 -9999 -9999 -9999 -9999 -9999 -9999 -9999 -9999 -9999 -9999 -9999 -9999 -9999 -9999 -9999 -9999 -9999 2 3 3 3 3 3 3 3 3 4 4 4 4 4 4 4 4 4 4 4 4 4 4 4 4 4 4 4 3 3 -9999 -9999 -9999 -9999 -9999 -9999 -9999 -9999 -9999 -9999 -9999 -9999 -9999 -9999 -9999 -9999 -9999 -9999 -9999 -9999 -9999 -9999 -9999 -9999 -9999 -9999 -9999 -9999 -9999 -9999 -9999 -9999 -9999
-9999 -9999 -9999 -9999 -9999 -9999 -9999 -9999 -9999 -9999 -9999 -9999 -9999 -9999 -9999 -9999 -9999 -9999 -9999 -9999 -9999 -9999 2 2 3 3 3 4 3 3 3 4 6 5 4 4 4 4 4 4 4 4 4 4 4 4 4 4 4 4 6 -9999 -9999 -9999 -9999 -9999 -9999 -9999 -9999 -9999 -9999 -9999 -9999 -9999 -9999 -9999 -9999 -9999 -9999 -9999 -9999 -9999 -9999 -9999 -9999 -9999 -9999 -9999 -9999 -9999 -9999 -9999 -9999 -9999 -9999
-9999 -9999 -9999 -9999 -9999 -9999 -9999 -9999 -9999 -9999 -9999 -9999 -9999 -9999 -9999 -9999 -9999 -9999 -9999 -9999 -9999 -9999 2 2 3 3 3 3 3 3 3 4 6 4 4 4 4 4 4 4 4 4 4 4 4 4 4 4 4 4 -9999 -9999 -9999 -9999 -9999 -9999 -9999 -9999 -9999 -9999 -9999 -9999 -9999 -9999 -9999 -9999 -9999 -9999 -9999 -9999 -9999 -9999 -9999 -9999 -9999 -9999 -9999 -9999 -9999 -9999 -9999 -9999 -9999 -9999 -9999
-9999 -9999 -9999 -9999 -9999 -9999 -9999 -9999 -9999 -9999 -9999 -9999 -9999 -9999 -9999 -9999 -9999 -9999 -9999 -9999 -9999 -9999 2 3 3 2 2 3 3 3 3 4 6 4 4 4 4 4 4 4 4 4 4 4 4 4 4 4 4 4 5 -9999 -9999 -9999 -9999 -9999 -9999 -9999 -9999 -9999 -9999 -9999 -9999 -9999 -9999 -9999 -9999 -9999 -9999 -9999 -9999 -9999 -9999 -9999 -9999 -9999 -9999 -9999 -9999 -9999 -9999 -9999 -9999 -9999 -9999
-9999 -9999 -9999 -9999 -9999 -9999 -9999 -9999 -9999 -9999 -9999 -9999 -9999 -9999 -9999 -9999 -9999 -9999 -9999 -9999 -9999 -9999 3 3 2 2 2 3 3 3 4 6 6 4 4 4 4 4 4 4 4 4 4 4 4 4 4 4 4 4 4 -9999 -9999 -9999 -9999 -9999 -9999 -9999 -9999 -9999 -9999 -9999 -9999 -9999 -9999 -9999 -9999 -9999 -9999 -9999 -9999 -9999 -9999 -9999 -9999 -9999 -9999 -9999 -9999 -9999 -9999 -9999 -9999 -9999 -9999
-9999 -9999 -9999 -9999 -9999 -9999 -9999 -9999 -9999 -9999 -9999 -9999 -9999 -9999 -9999 -9999 -9999 -9999 -9999 -9999 -9999 -9999 2 6 3 2 3 3 3 4 6 6 6 6 4 4 4 4 4 4 4 4 4 4 4 4 4 4 4 4 6 -9999 -9999 -9999 -9999 -9999 -9999 -9999 -9999 -9999 -9999 -9999 -9999 -9999 -9999 -9999 -9999 -9999 -9999 -9999 -9999 -9999 -9999 -9999 -9999 -9999 -9999 -9999 -9999 -9999 -9999 -9999 -9999 -9999 -9999
-9999 -9999 -9999 -9999 -9999 -9999 -9999 -9999 -9999 -9999 -9999 -9999 -9999 -9999 -9999 -9999 -9999 -9999 -9999 -9999 -9999 -9999 -9999 6 6 2 3 3 3 6 6 6 6 6 6 4 4 4 4 4 4 4 4 4 4 4 4 4 4 4 5 -9999 -9999 -9999 -9999 -9999 -9999 -9999 -9999 -9999 -9999 -9999 -9999 -9999 -9999 -9999 -9999 -9999 -9999 -9999 -9999 -9999 -9999 -9999 -9999 -9999 -9999 -9999 -9999 -9999 -9999 -9999 -9999 -9999 -9999
-9999 -9999 -9999 -9999 -9999 -9999 -9999 -9999 -9999 -9999 -9999 -9999 -9999 -9999 -9999 -9999 -9999 -9999 -9999 -9999 -9999 -9999 -9999 -9999 -9999 2 3 3 6 6 6 6 6 6 6 6 4 4 4 4 4 4 4 4 4 4 4 6 6 4 3 -9999 -9999 -9999 -9999 -9999 -9999 -9999 -9999 -9999 -9999 -9999 -9999 -9999 -9999 -9999 -9999 -9999 -9999 -9999 -9999 -9999 -9999 -9999 -9999 -9999 -9999 -9999 -9999 -9999 -9999 -9999 -9999 -9999 -9999
-9999 -9999 -9999 -9999 -9999 -9999 -9999 -9999 -9999 -9999 -9999 -9999 -9999 -9999 -9999 -9999 -9999 -9999 -9999 -9999 -9999 -9999 -9999 -9999 -9999 2 3 6 3 6 6 6 6 6 6 6 4 4 4 4 4 4 4 4 4 6 5 6 6 3 -9999 -9999 -9999 -9999 -9999 -9999 -9999 -9999 -9999 -9999 -9999 -9999 -9999 -9999 -9999 -9999 -9999 -9999 -9999 -9999 -9999 -9999 -9999 -9999 -9999 -9999 -9999 -9999 -9999 -9999 -9999 -9999 -9999 -9999 -9999
-9999 -9999 -9999 -9999 -9999 -9999 -9999 -9999 -9999 -9999 -9999 -9999 -9999 -9999 -9999 -9999 -9999 -9999 -9999 -9999 -9999 -9999 -9999 -9999 2 3 3 6 6 3 4 4 6 6 6 2 2 2 4 4 4 4 4 -9999 -9999 -9999 -9999 -9999 -9999 -9999 -9999 -9999 -9999 -9999 -9999 -9999 -9999 -9999 -9999 -9999 -9999 -9999 -9999 -9999 -9999 -9999 -9999 -9999 -9999 -9999 -9999 -9999 -9999 -9999 -9999 -9999 -9999 -9999 -9999 -9999 -9999 -9999 -9999 -9999 -9999
-9999 -9999 -9999 -9999 -9999 -9999 -9999 -9999 -9999 -9999 -9999 -9999 -9999 -9999 -9999 -9999 -9999 -9999 -9999 -9999 -9999 -9999 -9999 -9999 2 6 3 6 6 6 6 6 4 6 -9999 -9999 2 2 2 4 4 4 4 -9999 -9999 -9999 -9999 -9999 -9999 -9999 -9999 -9999 -9999 -9999 -9999 -9999 -9999 -9999 -9999 -9999 -9999 -9999 -9999 -9999 -9999 -9999 -9999 -9999 -9999 -9999 -9999 -9999 -9999 -9999 -9999 -9999 -9999 -9999 -9999 -9999 -9999 -9999 -9999 -9999 -9999
-9999 -9999 -9999 -9999 -9999 -9999 -9999 -9999 -9999 -9999 -9999 -9999 -9999 -9999 -9999 -9999 -9999 -9999 -9999 -9999 -9999 -9999 -9999 -9999 2 3 6 6 6 6 6 -9999 -9999 -9999 -9999 -9999 2 2 2 4 4 6 4 -9999 -9999 -9999 -9999 -9999 -9999 -9999 -9999 -9999 -9999 -9999 -9999 -9999 -9999 -9999 -9999 -9999 -9999 -9999 -9999 -9999 -9999 -9999 -9999 -9999 -9999 -9999 -9999 -9999 -9999 -9999 -9999 -9999 -9999 -9999 -9999 -9999 -9999 -9999 -9999 -9999 -9999
-9999 -9999 -9999 -9999 -9999 -9999 -9999 -9999 -9999 -9999 -9999 -9999 -9999 -9999 -9999 -9999 -9999 -9999 -9999 -9999 -9999 -9999 -9999 -9999 2 3 6 6 6 6 -9999 -9999 -9999 -9999 -9999 -9999 -9999 3 3 6 2 6 -9999 -9999 -9999 -9999 -9999 -9999 -9999 -9999 -9999 -9999 -9999 -9999 -9999 -9999 -9999 -9999 -9999 -9999 -9999 -9999 -9999 -9999 -9999 -9999 -9999 -9999 -9999 -9999 -9999 -9999 -9999 -9999 -9999 -9999 -9999 -9999 -9999 -9999 -9999 -9999 -9999 -9999 -9999
-9999 -9999 -9999 -9999 -9999 -9999 -9999 -9999 -9999 -9999 -9999 -9999 -9999 -9999 -9999 -9999 -9999 -9999 -9999 -9999 -9999 -9999 -9999 -9999 -9999 4 6 6 6 3 2 -9999 -9999 -9999 -9999 -9999 -9999 -9999 -9999 6 6 -9999 -9999 -9999 -9999 -9999 -9999 -9999 -9999 -9999 -9999 -9999 -9999 -9999 -9999 -9999 -9999 -9999 -9999 -9999 -9999 -9999 -9999 -9999 -9999 -9999 -9999 -9999 -9999 -9999 -9999 -9999 -9999 -9999 -9999 -9999 -9999 -9999 -9999 -9999 -9999 -9999 -9999 -9999 -9999
-9999 -9999 -9999 -9999 -9999 -9999 -9999 -9999 -9999 -9999 -9999 -9999 -9999 -9999 -9999 -9999 -9999 -9999 -9999 -9999 -9999 -9999 -9999 -9999 -9999 -9999 2 6 9 9 6 -9999 -9999 -9999 -9999 -9999 -9999 -9999 -9999 -9999 -9999 -9999 -9999 -9999 -9999 -9999 -9999 -9999 -9999 -9999 -9999 -9999 -9999 -9999 -9999 -9999 -9999 -9999 -9999 -9999 -9999 -9999 -9999 -9999 -9999 -9999 -9999 -9999 -9999 -9999 -9999 -9999 -9999 -9999 -9999 -9999 -9999 -9999 -9999 -9999 -9999 -9999 -9999 -9999 -9999
-9999 -9999 -9999 -9999 -9999 -9999 -9999 -9999 -9999 -9999 -9999 -9999 -9999 -9999 -9999 -9999 -9999 -9999 -9999 -9999 -9999 -9999 -9999 -9999 -9999 -9999 -9999 2 6 9 2 2 -9999 -9999 -9999 -9999 -9999 -9999 -9999 -9999 -9999 -9999 -9999 -9999 -9999 -9999 -9999 -9999 -9999 -9999 -9999 -9999 -9999 -9999 -9999 -9999 -9999 -9999 -9999 -9999 -9999 -9999 -9999 -9999 -9999 -9999 -9999 -9999 -9999 -9999 -9999 -9999 -9999 -9999 -9999 -9999 -9999 -9999 -9999 -9999 -9999 -9999 -9999 -9999 -9999
